3 0.5990833333333333 0.601875 0.1435 0.19575
3 0.22724999999999998 0.289875 0.0405 0.05425
3 0.8265 0.9746250000000001 0.03333333333333333 0.04775
3 0.07258333333333333 0.193125 0.057166666666666664 0.03675
3 0.18966666666666665 0.128375 0.03333333333333333 0.03375
3 0.13641666666666666 0.08 0.031166666666666665 0.063
3 0.034499999999999996 0.136625 0.05933333333333333 0.07175000000000001
3 0.013666666666666666 0.077875 0.02733333333333333 0.04775
3 0.1805 0.252875 0.033999999999999996 0.04125
3 0.10308333333333333 0.14575 0.031166666666666665 0.0315
3 0.09 0.033375 0.033999999999999996 0.03925
3 0.42583333333333334 0.680625 0.024666666666666667 0.03175
3 0.3918333333333333 0.6725 0.028999999999999998 0.026000000000000002
3 0.42366666666666664 0.71325 0.017333333333333333 0.029500000000000002
3 0.47941666666666666 0.77025 0.034833333333333334 0.037
