3 0.20666666666666667 0.26925 0.053 0.063
3 0.35816666666666663 0.33325 0.049999999999999996 0.043500000000000004
3 0.13058333333333333 0.309375 0.04416666666666667 0.03475
3 0.11058333333333333 0.274 0.036166666666666666 0.025
3 0.3265 0.1975 0.028999999999999998 0.026000000000000002
3 0.26425 0.1545 0.023166666666666665 0.0575
3 0.16241666666666665 0.225125 0.07016666666666667 0.07275
3 0.0965 0.243125 0.058666666666666666 0.02625
3 0.07691666666666666 0.227875 0.042833333333333334 0.02625
3 0.10875 0.179 0.0935 0.0545
3 0.06133333333333333 0.130625 0.039 0.05775
3 0.028416666666666666 0.153375 0.05283333333333333 0.04025
3 0.0925 0.068125 0.026 0.02825
3 0.052 0.07200000000000001 0.03333333333333333 0.0445
3 0.011083333333333332 0.074125 0.022166666666666664 0.08575
3 0.77 0.6095 0.155 0.17400000000000002
3 0.5875 0.712125 0.028999999999999998 0.04225
3 0.5493333333333333 0.7045 0.012333333333333333 0.023
3 0.5599166666666666 0.706125 0.014499999999999999 0.021750000000000002
3 0.6486666666666666 0.792125 0.026666666666666665 0.02825
3 0.6866666666666666 0.833875 0.03333333333333333 0.04025
