3 0.328 0.54525 0.04933333333333333 0.0455
3 0.3715 0.7345 0.050666666666666665 0.074
3 0.324 0.7165 0.025333333333333333 0.036000000000000004
3 0.45658333333333334 0.764875 0.031166666666666665 0.04125
3 0.35266666666666663 0.7915 0.036333333333333336 0.0445
3 0.303 0.7887500000000001 0.047 0.052000000000000005
3 0.3323333333333333 0.815875 0.028999999999999998 0.03475
3 0.2559166666666667 0.8436250000000001 0.03983333333333333 0.07275
3 0.20341666666666666 0.823625 0.06516666666666666 0.05425
3 0.26458333333333334 0.45625 0.03983333333333333 0.043500000000000004
3 0.25916666666666666 0.496375 0.030333333333333334 0.03475
3 0.19941666666666666 0.4295 0.0225 0.025
3 0.207 0.455625 0.019 0.02075
3 0.17875 0.420875 0.020166666666666666 0.03375
3 0.22291666666666665 0.5730000000000001 0.03916666666666666 0.038
3 0.25558333333333333 0.6148750000000001 0.023166666666666665 0.03675
3 0.19108333333333333 0.637125 0.07383333333333333 0.09025
3 0.09725 0.67525 0.0805 0.051000000000000004
3 0.07691666666666666 0.71375 0.028166666666666666 0.0305
3 0.05625 0.6405 0.06516666666666666 0.062
3 0.01075 0.59575 0.0215 0.0445
3 0.15191666666666667 0.5856250000000001 0.07983333333333333 0.07175000000000001
3 0.10483333333333333 0.5730000000000001 0.027666666666666666 0.0445
3 0.13566666666666666 0.5605 0.03266666666666666 0.0415
3 0.16749999999999998 0.5387500000000001 0.03266666666666666 0.037
3 0.2095 0.526875 0.028333333333333332 0.03925
3 0.19716666666666666 0.49475 0.033999999999999996 0.027
3 0.0385 0.55625 0.04566666666666667 0.043500000000000004
3 0.07083333333333333 0.588125 0.057999999999999996 0.04675
3 0.017249999999999998 0.454 0.034499999999999996 0.048
3 0.017249999999999998 0.411625 0.034499999999999996 0.03025
3 0.012916666666666667 0.373625 0.025833333333333333 0.03475
3 0.00825 0.35025 0.0165 0.025
3 0.051916666666666667 0.354 0.04483333333333333 0.0305
3 0.07733333333333334 0.50825 0.10866666666666666 0.0935
