3 0.6975833333333333 0.212125 0.12183333333333334 0.14875
3 0.8961666666666667 0.42462500000000003 0.03333333333333333 0.06725
4 0.7710833333333333 0.477875 0.1065 0.10225000000000001
3 0.37474999999999997 0.13775 0.0645 0.026000000000000002
3 0.3545 0.171375 0.04133333333333333 0.043250000000000004
3 0.25808333333333333 0.131125 0.04416666666666667 0.07375
3 0.34175 0.03875 0.0305 0.0325
3 0.22225 0.105625 0.05516666666666666 0.07925
3 0.1845 0.16875 0.050666666666666665 0.0445
3 0.1758333333333333 0.08662500000000001 0.055 0.058750000000000004
3 0.15225 0.12737500000000002 0.0355 0.03375
3 0.14033333333333334 0.0665 0.036333333333333336 0.04
3 0.1175 0.098 0.026666666666666665 0.025
3 0.08891666666666666 0.0805 0.036166666666666666 0.075
3 0.15483333333333332 0.009625 0.024666666666666667 0.01925
3 0.12008333333333333 0.01975 0.03916666666666666 0.027
