14 0.5471666666666667 0.502375 0.163 0.99475
3 0.53125 0.805625 0.0615 0.09225
3 0.5573333333333333 0.63825 0.049999999999999996 0.064
3 0.5534166666666667 0.724125 0.036166666666666666 0.05525
3 0.57075 0.28975 0.0465 0.15
3 0.5631666666666666 0.49525 0.05566666666666666 0.0955
3 0.4765833333333333 0.6697500000000001 0.021833333333333333 0.088
3 0.4965 0.468625 0.022333333333333334 0.11425
3 0.5145833333333333 0.27137500000000003 0.0225 0.09125
3 0.5290833333333333 0.067 0.018166666666666668 0.111
