14 0.5338333333333333 0.501375 0.19566666666666666 0.99675
3 0.48924999999999996 0.128 0.034166666666666665 0.043500000000000004
3 0.5196666666666666 0.131625 0.03266666666666666 0.04675
3 0.5219166666666667 0.0665 0.06016666666666667 0.06
3 0.5265833333333333 0.02075 0.036166666666666666 0.038
3 0.5116666666666666 0.217 0.028333333333333332 0.0325
3 0.5113333333333333 0.363875 0.04933333333333333 0.12175
3 0.50775 0.552875 0.0305 0.06975
3 0.5091666666666667 0.68225 0.026 0.0955
3 0.5446666666666666 0.69975 0.02033333333333333 0.043500000000000004
3 0.5290833333333333 0.90175 0.042833333333333334 0.17400000000000002
