4 0.1324823943661972 0.17533936651583712 0.046654929577464796 0.10972850678733032
4 0.10846327967806842 0.2950603318250377 0.0665241448692153 0.0942684766214178
4 0.07702464788732395 0.3482277526395174 0.04514587525150906 0.07428355957767722
4 0.09444164989939638 0.45418552036199095 0.025150905432595575 0.08220211161387632
4 0.068158953722334 0.4591817496229261 0.027414486921529178 0.06994720965309201
4 0.05520623742454729 0.31278280542986425 0.05030181086519115 0.11425339366515838
4 0.09330985915492959 0.19353318250377075 0.03319919517102616 0.08427601809954752
4 0.23830482897384309 0.07437782805429864 0.08350100603621731 0.13857466063348417
4 0.14027917505030182 0.8917797888386124 0.026534205231388334 0.03657616892911011
4 0.1558098591549296 0.9715309200603318 0.04879275653923542 0.05656108597285068
