4 0.24717052313883303 0.4952865761689291 0.061493963782696184 0.1885369532428356
4 0.14134808853118713 0.6322586726998491 0.08953722334004025 0.1562971342383107
4 0.09991197183098592 0.8689668174962293 0.0318158953722334 0.06862745098039216
4 0.07035965794768612 0.8778280542986425 0.03332494969818914 0.07315233785822021
4 0.07482394366197184 0.7481146304675717 0.06740442655935615 0.1440422322775264
4 0.10362173038229378 0.3821644042232278 0.049547283702213285 0.1085972850678733
4 0.17467303822937627 0.421474358974359 0.0437625754527163 0.08540723981900453
4 0.12808098591549297 0.5180052790346908 0.05998490945674045 0.07220965309200604
4 0.23792756539235416 0.3500188536953243 0.0414989939637827 0.1774132730015083
4 0.13210513078470826 0.32277526395173456 0.11984406438631792 0.0942684766214178
4 0.11776911468812878 0.2113499245852187 0.09393863179074448 0.10633484162895929
4 0.261192152917505 0.1625188536953243 0.03621730382293763 0.19079939668174964
4 0.28231891348088534 0.3166478129713424 0.033953722334004025 0.12424585218702866
4 0.21057595573440646 0.025546757164404223 0.031061368209255535 0.034502262443438916
4 0.22981639839034207 0.18523755656108598 0.01773138832997988 0.04317496229260935
