4 0.250125754527163 0.07956259426847663 0.056841046277666 0.15912518853695326
4 0.20422535211267606 0.27177601809954754 0.03621730382293763 0.21172699849170437
4 0.02911217303822938 0.6466817496229261 0.05822434607645876 0.15422322775263952
4 0.025025150905432596 0.5151772247360483 0.05005030181086519 0.13518099547511314
4 0.07406941649899397 0.4786010558069382 0.03621730382293763 0.07975113122171947
4 0.14512072434607648 0.4424962292609352 0.06438631790744467 0.1519607843137255
4 0.13399144869215293 0.5745663650075415 0.07482394366197184 0.13857466063348417
4 0.13141348088531188 0.03780165912518854 0.04879275653923542 0.04317496229260935
4 0.18058350100603623 0.09813348416289593 0.04074446680080483 0.04883107088989442
4 0.0414989939637827 0.22464177978883862 0.061368209255533206 0.09973604826546004
4 0.0562751509054326 0.3361613876319759 0.08060865191146882 0.05429864253393665
4 0.07256036217303824 0.3754713423831071 0.07771629778672033 0.05976621417797889
4 0.020560865191146884 0.4114819004524887 0.04112173038229377 0.10765460030165913
4 0.021692655935613685 0.5068815987933635 0.04338531187122737 0.07861990950226244
4 0.07369215291750504 0.02356711915535445 0.057595573440643866 0.0471342383107089
4 0.02967806841046278 0.15478883861236803 0.039235412474849095 0.05542986425339367
4 0.1687625754527163 0.2600867269984917 0.02137826961770624 0.06655354449472096
