4 0.10217555331991952 0.5157428355957768 0.06727867203219316 0.1985294117647059
4 0.07256036217303824 0.7165346907993967 0.027414486921529178 0.21625188536953244
4 0.02911217303822938 0.8945135746606335 0.05822434607645876 0.21059577677224736
4 0.23830482897384309 0.17307692307692307 0.04652917505030182 0.10105580693815988
4 0.15801056338028172 0.3860294117647059 0.03558853118712274 0.07861990950226244
4 0.03376509054325956 0.5334653092006033 0.028043259557344068 0.03223981900452489
4 0.02489939637826962 0.63829185520362 0.02665995975855131 0.035633484162895926
4 0.03150150905432596 0.7154034690799397 0.034079476861167 0.05222473604826546
4 0.04596327967806842 0.6748680241327301 0.028797786720321933 0.031108597285067874
4 0.32482394366197187 0.08323906485671193 0.1028672032193159 0.14762443438914027
