1 0.494375 0.192 0.98875 0.2573333333333333
3 0.10275000000000001 0.24983333333333332 0.0375 0.03333333333333333
3 0.16375 0.23308333333333334 0.022 0.020833333333333332
3 0.22325 0.23208333333333334 0.05 0.029166666666666667
3 0.28175 0.22949999999999998 0.061 0.036333333333333336
3 0.380125 0.14508333333333334 0.03275 0.030166666666666665
3 0.5005000000000001 0.18675 0.111 0.05516666666666666
3 0.617625 0.16016666666666665 0.05475 0.03333333333333333
3 0.6567500000000001 0.154 0.051500000000000004 0.03333333333333333
3 0.75825 0.13724999999999998 0.136 0.0375
3 0.9505 0.11125 0.07050000000000001 0.031166666666666665
3 0.8911250000000001 0.1285 0.035750000000000004 0.015666666666666666
3 0.9223750000000001 0.155 0.06075 0.03333333333333333
