1 0.8174673038229376 0.7758295625942685 0.14424044265593564 0.16628959276018102
1 0.9429074446680081 0.7292609351432882 0.06514084507042255 0.10633484162895929
1 0.9562374245472838 0.5501508295625943 0.01483903420523139 0.021116138763197588
1 0.980948189134809 0.5651395173453997 0.016976861167002012 0.02658371040723982
4 0.06036217303822938 0.020833333333333336 0.07847082494969819 0.04166666666666667
4 0.13141348088531188 0.034973604826546004 0.03998993963782697 0.051093514328808445
4 0.18322434607645877 0.09539969834087482 0.02364185110663984 0.032051282051282055
4 0.10990945674044267 0.1281108597285068 0.0636317907444668 0.04656862745098039
4 0.010563380281690142 0.08766968325791856 0.021126760563380285 0.10972850678733032
4 0.022824446680080483 0.18033559577677225 0.045648893360160966 0.10652337858220212
4 0.05998490945674045 0.24123303167420815 0.1028672032193159 0.13970588235294118
4 0.013895875251509055 0.31674208144796384 0.02779175050301811 0.03996983408748115
4 0.0574069416498994 0.3421945701357466 0.09167505030181088 0.04675716440422323
4 0.017982897384305835 0.41374434389140274 0.03596579476861167 0.09860482654600303
4 0.07111418511066399 0.3770739064856712 0.07180583501006037 0.0720211161387632
4 0.16687625754527163 0.18966817496229263 0.022132796780684107 0.038838612368024134
4 0.21239939637826963 0.27290723981900455 0.05256539235412475 0.21398944193061842
4 0.2511946680080483 0.08927224736048266 0.0710513078470825 0.1774132730015083
4 0.14656690140845072 0.4437217194570136 0.08060865191146882 0.18080693815987933
4 0.17096327967806843 0.26338612368024134 0.013958752515090544 0.03996983408748115
4 0.022069919517102618 0.5301659125188537 0.044139839034205236 0.13650075414781299
4 0.07476106639839035 0.4797322775263952 0.04514587525150906 0.07975113122171947
4 0.04187625754527163 0.4414592760180996 0.028169014084507046 0.03223981900452489
4 0.023893360160965795 0.658842383107089 0.04778672032193159 0.19400452488687783
4 0.10884054325955736 0.6095399698340875 0.03332494969818914 0.09539969834087482
4 0.14732142857142858 0.5490196078431373 0.04363682092555332 0.08974358974358974
