4 0.8471453722334005 0.8634992458521871 0.01848591549295775 0.0222473604826546
4 0.8744969818913482 0.8778280542986425 0.012575452716297788 0.024509803921568627
4 0.901094064386318 0.8556749622926094 0.024522132796780685 0.0333710407239819
4 0.23824195171026158 0.16808069381598795 0.04514587525150906 0.10199849170437406
4 0.10663983903420524 0.4951923076923077 0.061368209255533206 0.23510558069381599
4 0.07633299798792757 0.7198340874811463 0.051056338028169015 0.22058823529411767
4 0.03194164989939638 0.5368589743589743 0.022887323943661973 0.03223981900452489
4 0.031124245472837025 0.4947209653092006 0.01848591549295775 0.021116138763197588
4 0.025968309859154933 0.6377262443438915 0.016976861167002012 0.034502262443438916
4 0.01244969818913481 0.556843891402715 0.02489939637826962 0.08088235294117647
4 0.0448943661971831 0.6776960784313726 0.025150905432595575 0.027714932126696835
4 0.035211267605633804 0.7187028657616893 0.022132796780684107 0.05203619909502263
4 0.029803822937625755 0.9005467571644042 0.05960764587525151 0.1985294117647059
