4 0.5293636820925554 0.4591817496229261 0.12135311871227365 0.08540723981900453
4 0.6373868209255533 0.4486236802413273 0.07406941649899397 0.08653846153846154
4 0.6440518108651913 0.24019607843137256 0.0710513078470825 0.13763197586727
4 0.5970824949698189 0.31674208144796384 0.07469818913480886 0.057692307692307696
4 0.5393611670020121 0.37104072398190047 0.07017102615694165 0.057692307692307696
4 0.7405684104627768 0.1785444947209653 0.04652917505030182 0.18966817496229263
4 0.5944416498993964 0.19409879336349925 0.06061368209255534 0.08314479638009051
4 0.6525402414486922 0.12311463046757165 0.05407444668008049 0.07428355957767722
4 0.7054200201207244 0.060520361990950226 0.06803319919517103 0.11312217194570136
4 0.6925301810865192 0.15422322775263952 0.02439637826961771 0.038838612368024134
12 0.6262575452716298 0.5789969834087482 0.037726358148893364 0.058823529411764705
12 0.6825326961770625 0.5723039215686275 0.0318158953722334 0.04769984917043741
4 0.3119341046277666 0.7142722473604827 0.05470321931589538 0.07861990950226244
4 0.25496730382293764 0.8784879336349924 0.04439134808853119 0.1053921568627451
