4 0.5131413480885312 0.3362556561085973 0.0665241448692153 0.08766968325791856
4 0.5901031187122737 0.4732277526395174 0.0295523138832998 0.05090497737556561
4 0.6019240442655936 0.4232654600301659 0.031061368209255535 0.03092006033182504
4 0.6329854124748492 0.45823906485671195 0.016222334004024147 0.06768476621417799
4 0.6363179074446681 0.7166289592760181 0.049547283702213285 0.16289592760180996
4 0.6355633802816902 0.6073717948717949 0.022887323943661973 0.068815987933635
4 0.6015467806841047 0.6434766214177979 0.021504024144869217 0.05429864253393665
4 0.6056338028169015 0.579185520361991 0.022132796780684107 0.038838612368024134
4 0.6788858148893361 0.8436085972850679 0.07985412474849095 0.206447963800905
4 0.5760814889336017 0.7881787330316743 0.04879275653923542 0.05976621417797889
4 0.5623113682092555 0.9123303167420815 0.08060865191146882 0.1285822021116139
4 0.5216297786720322 0.8734917043740573 0.06287726358148894 0.09539969834087482
4 0.5582872233400403 0.6279223227752639 0.05168511066398391 0.21398944193061842
4 0.4558601609657948 0.9528657616892912 0.05256539235412475 0.08974358974358974
4 0.6219190140845071 0.8403092006033183 0.014713279678068411 0.03544494720965309
4 0.6925301810865192 0.5985105580693816 0.0347082494969819 0.11519607843137256
4 0.5811745472837022 0.9887820512820513 0.019240442655935615 0.022058823529411766
11 0.633739939637827 0.9549396681749623 0.05923038229376258 0.08974358974358974
