4 0.47019617706237427 0.6321644042232277 0.07696177062374246 0.11425339366515838
4 0.29225352112676056 0.3754713423831071 0.061368209255533206 0.0910633484162896
4 0.2352867203219316 0.18467194570135748 0.06287726358148894 0.09973604826546004
4 0.545271629778672 0.7614064856711916 0.04502012072434608 0.06429110105580695
4 0.5982142857142858 0.7614064856711916 0.025150905432595575 0.07334087481146305
4 0.5959507042253521 0.9011123680241327 0.02967806841046278 0.051093514328808445
4 0.5374748490945674 0.8585030165912519 0.03998993963782697 0.06542232277526396
4 0.5101232394366197 0.8435143288084465 0.031061368209255535 0.0799396681749623
4 0.52829476861167 0.9599358974358975 0.0347082494969819 0.07975113122171947
4 0.5611795774647887 0.941553544494721 0.03558853118712274 0.07428355957767722
4 0.6037474849094568 0.9682315233785822 0.05256539235412475 0.06315987933634992
