4 0.8430583501006037 0.20371417797888386 0.08425553319919518 0.051093514328808445
4 0.7298792756539236 0.13386123680241327 0.0369718309859155 0.042232277526395176
4 0.696617203219316 0.17760180995475114 0.019240442655935615 0.05656108597285068
4 0.7343435613682093 0.18099547511312217 0.0295523138832998 0.03657616892911011
4 0.6070799798792758 0.09445701357466063 0.056212273641851114 0.0942684766214178
4 0.6211016096579477 0.01809954751131222 0.025150905432595575 0.03619909502262444
4 0.6500251509054327 0.05335595776772248 0.02967806841046278 0.038838612368024134
4 0.6821554325955735 0.04892533936651584 0.019994969818913483 0.02997737556561086
4 0.6629149899396379 0.010369532428355957 0.019994969818913483 0.020739064856711915
4 0.7154803822937627 0.042326546003016594 0.024522132796780685 0.0386500754147813
4 0.7251006036217305 0.03365384615384615 0.051056338028169015 0.0673076923076923
