4 0.915492957746479 0.6838235294117647 0.10211267605633803 0.057692307692307696
4 0.8078470824949698 0.6144419306184012 0.04803822937625755 0.0497737556561086
4 0.7675427565392354 0.6482843137254902 0.05470321931589538 0.07107843137254902
4 0.8148893360160967 0.6627073906485671 0.03998993963782697 0.048642533936651584
4 0.6836016096579477 0.4221342383107089 0.07469818913480886 0.1508295625942685
4 0.6858651911468814 0.17920437405731524 0.07469818913480886 0.21512066365007543
4 0.7091297786720323 0.31834464555052794 0.043008048289738435 0.07635746606334842
4 0.6059481891348089 0.3521870286576169 0.05847585513078472 0.19079939668174964
4 0.6369466800804829 0.486896681749623 0.037726358148893364 0.049962292609351436
4 0.6266976861167003 0.04081825037707391 0.04514587525150906 0.08163650075414781
4 0.7623868209255534 0.12254901960784315 0.04891851106639839 0.09087481146304677
4 0.7479250503018109 0.03299396681749623 0.04514587525150906 0.06598793363499246
4 0.7394366197183099 0.22068250377073909 0.0414989939637827 0.08540723981900453
4 0.735726861167002 0.46361236802413275 0.031061368209255535 0.05429864253393665
4 0.7176810865191148 0.5157428355957768 0.039235412474849095 0.05222473604826546
4 0.6824698189134809 0.5707013574660633 0.06212273641851107 0.09087481146304677
4 0.7908702213279679 0.5168740573152338 0.039235412474849095 0.040912518853695325
