4 0.7128395372233401 0.8850867269984918 0.056212273641851114 0.14309954751131224
4 0.7183727364185112 0.6543174962292609 0.0733148893360161 0.1408371040723982
4 0.7794265593561369 0.3516214177978884 0.07243460764587525 0.15422322775263952
4 0.6644240442655936 0.4486236802413273 0.05545774647887324 0.08880090497737557
12 0.6523516096579477 0.31221719457013575 0.03433098591549296 0.05995475113122172
12 0.6018611670020121 0.3543552036199095 0.03998993963782697 0.04430618401206637
4 0.6120472837022133 0.4375942684766214 0.03672032193158954 0.05542986425339367
4 0.781627263581489 0.4691742081447964 0.05319416498993964 0.10765460030165913
4 0.7490568410462777 0.5468514328808447 0.03986418511066399 0.06315987933634992
4 0.781627263581489 0.6771304675716441 0.0665241448692153 0.10426093514328809
4 0.8071554325955735 0.5634426847662142 0.05545774647887324 0.08088235294117647
4 0.7479879275653925 0.7825226244343891 0.051056338028169015 0.06655354449472096
4 0.6946680080482898 0.7724358974358975 0.022887323943661973 0.057692307692307696
4 0.6573817907444669 0.7779977375565611 0.04439134808853119 0.16195324283559578
4 0.6614059356136821 0.9399509803921569 0.02301307847082495 0.04204374057315234
4 0.7608777665995976 0.9249622926093515 0.034079476861167 0.058823529411764705
4 0.7390593561368209 0.9759615384615385 0.03621730382293763 0.04769984917043741
4 0.8141348088531187 0.9770927601809956 0.03546277665995976 0.045437405731523384
4 0.8152665995975856 0.9416478129713424 0.05835010060362174 0.09219457013574661
