3 0.4533333333333333 0.2975 0.12166666666666666 0.14350000000000002
3 0.59825 0.499625 0.06816666666666667 0.07825
3 0.47916666666666663 0.562125 0.11666666666666667 0.12925
3 0.17941666666666667 0.1855 0.03916666666666666 0.0325
3 0.15841666666666665 0.22575 0.034833333333333334 0.05
3 0.12841666666666665 0.22575 0.031166666666666665 0.039
3 0.10041666666666667 0.259375 0.0275 0.05225
3 0.07366666666666666 0.161 0.050666666666666665 0.0685
3 0.041416666666666664 0.146375 0.042833333333333334 0.058750000000000004
3 0.016583333333333332 0.11275 0.033166666666666664 0.05
3 0.012583333333333334 0.21325 0.025166666666666667 0.0555
3 0.15841666666666665 0.08225 0.0305 0.0285
5 0.2895833333333333 0.12512500000000001 0.21883333333333332 0.14675
5 0.57875 0.15837500000000002 0.0755 0.06075
5 0.8301666666666666 0.218125 0.10866666666666666 0.05225
5 0.9686666666666667 0.206125 0.06233333333333333 0.07825
