4 0.07142857142857144 0.708239064856712 0.06212273641851107 0.16195324283559578
4 0.043008048289738435 0.4691742081447964 0.03319919517102616 0.05448717948717949
4 0.06338028169014084 0.605580693815988 0.0369718309859155 0.058823529411764705
4 0.07595573440643864 0.5534502262443439 0.02665995975855131 0.06542232277526396
4 0.020435110663983905 0.5872926093514329 0.02376760563380282 0.057692307692307696
4 0.024836519114688132 0.6499811463046757 0.0295523138832998 0.0608974358974359
4 0.01540492957746479 0.7442496229260935 0.03080985915492958 0.04317496229260935
4 0.01836016096579477 0.7996794871794872 0.03672032193158954 0.06542232277526396
4 0.023893360160965795 0.9055429864253394 0.04778672032193159 0.11312217194570136
4 0.09922032193158954 0.8545437405731524 0.04502012072434608 0.17515082956259428
4 0.012826961770623743 0.4430618401206637 0.025653923541247486 0.03996983408748115
4 0.00949446680080483 0.4897247360482655 0.01898893360160966 0.05335595776772248
