14 0.7565833333333333 0.701875 0.19783333333333333 0.59575
14 0.6048333333333333 0.19825 0.19866666666666666 0.3965
3 0.8171666666666666 0.898 0.04066666666666666 0.0555
3 0.8084166666666667 0.949125 0.04483333333333333 0.05325
3 0.79975 0.985 0.026166666666666664 0.029500000000000002
3 0.78525 0.83875 0.03916666666666666 0.043500000000000004
3 0.7233333333333333 0.5181250000000001 0.04133333333333333 0.04125
3 0.6864166666666667 0.43012500000000004 0.031166666666666665 0.03925
3 0.707 0.477375 0.024666666666666667 0.02925
3 0.7540833333333333 0.63275 0.07816666666666666 0.138
5 0.649 0.2545 0.08266666666666667 0.138
5 0.6979166666666666 0.37025 0.0485 0.0825
