14 0.41933333333333334 0.50025 0.26366666666666666 0.999
3 0.3823333333333333 0.083875 0.041999999999999996 0.11175
3 0.40375 0.555125 0.0385 0.06525
3 0.3875 0.345875 0.024666666666666667 0.02925
3 0.3748333333333333 0.20625000000000002 0.016666666666666666 0.0195
3 0.407 0.478375 0.041999999999999996 0.02925
3 0.407 0.423 0.013 0.0185
3 0.4363333333333333 0.8426250000000001 0.07466666666666666 0.15975
3 0.49974999999999997 0.73825 0.0435 0.1295
3 0.5276666666666666 0.881125 0.042666666666666665 0.12375
3 0.46066666666666667 0.96225 0.041999999999999996 0.075
