3 0.36641666666666667 0.348625 0.0405 0.05225
3 0.21533333333333332 0.27725 0.063 0.0685
3 0.32108333333333333 0.19525 0.0515 0.043500000000000004
3 0.1635 0.225125 0.074 0.08575
3 0.10883333333333332 0.27575 0.037 0.0325
3 0.13308333333333333 0.2985 0.03783333333333333 0.0325
3 0.09466666666666666 0.23325 0.06533333333333333 0.063
3 0.11716666666666667 0.18225 0.07966666666666666 0.0785
3 0.05733333333333333 0.12737500000000002 0.042666666666666665 0.06425
3 0.03133333333333333 0.161125 0.04133333333333333 0.04025
3 0.07041666666666667 0.061625 0.05583333333333333 0.04125
3 0.015333333333333332 0.054 0.022333333333333334 0.05
3 0.7617499999999999 0.6105 0.12683333333333333 0.1805
3 0.5946666666666667 0.7105 0.032 0.05
