3 0.3605833333333333 0.785 0.06516666666666666 0.112
3 0.3050833333333333 0.796375 0.031166666666666665 0.04575
3 0.26058333333333333 0.847375 0.03183333333333333 0.04575
3 0.21641666666666665 0.827875 0.0275 0.03925
3 0.187 0.63275 0.076 0.0685
3 0.21991666666666665 0.574125 0.023166666666666665 0.03375
3 0.09058333333333334 0.68 0.05283333333333333 0.05
3 0.3268333333333333 0.545375 0.025333333333333333 0.02825
3 0.061 0.63825 0.049999999999999996 0.051000000000000004
3 0.14166666666666666 0.573625 0.08266666666666667 0.10875
3 0.05483333333333333 0.56975 0.071 0.0555
3 0.07975 0.5105000000000001 0.1065 0.0935
3 0.023416666666666665 0.40125 0.04683333333333333 0.1315
3 0.05433333333333333 0.34900000000000003 0.025333333333333333 0.025
3 0.26158333333333333 0.47725 0.031166666666666665 0.075
