0 0.5318627450980392 0.7120098039215687 0.08986928104575163 0.03676470588235294
0 0.8267973856209151 0.7659313725490196 0.06862745098039216 0.04656862745098039
0 0.732843137254902 0.6470588235294118 0.03758169934640523 0.029411764705882353
0 0.9411764705882353 0.6727941176470588 0.11437908496732027 0.056372549019607844
0 0.2647058823529412 0.508578431372549 0.026143790849673203 0.02696078431372549
0 0.7426470588235294 0.5551470588235294 0.021241830065359478 0.03676470588235294
0 0.7524509803921569 0.6862745098039216 0.04411764705882353 0.029411764705882353
0 0.6895424836601307 0.7769607843137255 0.049019607843137254 0.06862745098039216
0 0.7303921568627452 0.7683823529411764 0.016339869281045753 0.02696078431372549
0 0.5604575163398693 0.6813725490196079 0.04575163398692811 0.029411764705882353
0 0.3186274509803922 0.7316176470588235 0.08169934640522876 0.07107843137254902
0 0.5016339869281046 0.7916666666666666 0.09477124183006536 0.0392156862745098
0 0.19362745098039216 0.741421568627451 0.02777777777777778 0.02696078431372549
0 0.19444444444444445 0.7855392156862745 0.032679738562091505 0.03676470588235294
0 0.17565359477124184 0.7132352941176471 0.04084967320261438 0.03431372549019608
0 0.056372549019607844 0.6703431372549019 0.04084967320261438 0.03676470588235294
0 0.02696078431372549 0.6801470588235294 0.03104575163398693 0.031862745098039214
0 0.011437908496732027 0.7083333333333334 0.022875816993464054 0.044117647058823525
0 0.05065359477124183 0.7291666666666666 0.029411764705882353 0.031862745098039214
0 0.007352941176470588 0.8700980392156863 0.014705882352941176 0.03431372549019608
0 0.08333333333333334 0.8455882352941176 0.026143790849673203 0.029411764705882353
0 0.029411764705882353 0.8370098039215687 0.058823529411764705 0.03676470588235294
0 0.02042483660130719 0.7794117647058824 0.04084967320261438 0.06372549019607843
0 0.14460784313725492 0.7953431372549019 0.057189542483660136 0.02696078431372549
0 0.1854575163398693 0.829656862745098 0.05065359477124183 0.02696078431372549
0 0.09967320261437909 0.7769607843137255 0.04575163398692811 0.0196078431372549
0 0.11111111111111112 0.7463235294117647 0.0196078431372549 0.031862745098039214
0 0.42483660130718953 0.9399509803921569 0.04575163398692811 0.041666666666666664
0 0.3112745098039216 0.8063725490196079 0.05065359477124183 0.049019607843137254
0 0.2647058823529412 0.8247549019607843 0.0392156862745098 0.031862745098039214
0 0.2638888888888889 0.8063725490196079 0.03104575163398693 0.0196078431372549
0 0.1911764705882353 0.9644607843137255 0.0392156862745098 0.031862745098039214
0 0.5302287581699346 0.8382352941176471 0.05065359477124183 0.029411764705882353
0 0.4362745098039216 0.8725490196078431 0.026143790849673203 0.029411764705882353
0 0.4542483660130719 0.8468137254901961 0.03594771241830066 0.03676470588235294
0 0.40522875816993464 0.8137254901960784 0.05228758169934641 0.024509803921568627
0 0.41421568627450983 0.8247549019607843 0.021241830065359478 0.02696078431372549
0 0.369281045751634 0.7806372549019608 0.05555555555555556 0.031862745098039214
0 0.37745098039215685 0.7401960784313726 0.04575163398692811 0.024509803921568627
0 0.27941176470588236 0.9093137254901961 0.032679738562091505 0.029411764705882353
