1 0.17233333333333334 0.415875 0.3446666666666667 0.10425
1 0.56275 0.470375 0.34349999999999997 0.19775
1 0.9255 0.529 0.14866666666666667 0.0955
3 0.028416666666666666 0.37525000000000003 0.018166666666666668 0.025
3 0.04833333333333333 0.384375 0.016 0.01725
3 0.07075 0.37725000000000003 0.013166666666666667 0.0185
3 0.12833333333333333 0.454 0.020999999999999998 0.0175
3 0.10083333333333333 0.448 0.013666666666666666 0.0165
3 0.0885 0.4475 0.015333333333333332 0.0175
3 0.03816666666666667 0.445875 0.016 0.03375
3 0.01825 0.4415 0.013833333333333333 0.0165
3 0.003833333333333333 0.442 0.007666666666666666 0.0175
3 0.27225 0.4165 0.021833333333333333 0.029500000000000002
3 0.45699999999999996 0.439875 0.016 0.02625
3 0.5178333333333334 0.468125 0.013 0.02625
3 0.5569999999999999 0.472375 0.030333333333333334 0.03475
3 0.6475833333333333 0.48562500000000003 0.020166666666666666 0.02825
