1 0.106 0.45725 0.212 0.152
1 0.3775833333333333 0.529625 0.33549999999999996 0.14025
1 0.7656666666666666 0.586125 0.313 0.19675
3 0.09 0.471375 0.016666666666666666 0.02375
3 0.12766666666666665 0.4855 0.03833333333333333 0.0455
3 0.16674999999999998 0.49312500000000004 0.0225 0.02625
3 0.1925 0.48775 0.026 0.0305
3 0.248 0.48175 0.020999999999999998 0.0185
3 0.2255 0.50675 0.03266666666666666 0.029500000000000002
3 0.28925 0.5045000000000001 0.058833333333333335 0.0425
3 0.053 0.440375 0.011 0.02275
3 0.00825 0.446375 0.0165 0.021750000000000002
3 0.35775 0.57575 0.026166666666666664 0.0195
3 0.33308333333333334 0.568125 0.013166666666666667 0.02825
3 0.32216666666666666 0.56925 0.03333333333333333 0.0195
3 0.17475 0.549625 0.028166666666666666 0.02825
3 0.1085 0.533875 0.016 0.02725
3 0.12841666666666665 0.534375 0.018166666666666668 0.021750000000000002
3 0.15116666666666667 0.541 0.016 0.0195
3 0.24541666666666667 0.561625 0.023166666666666665 0.01975
3 0.6508333333333333 0.55725 0.012333333333333333 0.011
