1 0.29891666666666666 0.53225 0.42183333333333334 0.187
1 0.7475833333333333 0.61325 0.4725 0.151
1 0.019083333333333334 0.43725 0.03816666666666667 0.0685
3 0.16241666666666665 0.5035000000000001 0.0225 0.025
3 0.19824999999999998 0.536625 0.034833333333333334 0.03475
3 0.24316666666666667 0.523 0.028999999999999998 0.0315
3 0.32441666666666663 0.54475 0.026166666666666664 0.025
3 0.36791666666666667 0.5425 0.0305 0.0315
3 0.41716666666666663 0.5665 0.057999999999999996 0.0335
3 0.49 0.576375 0.037 0.04025
3 0.57075 0.58325 0.06383333333333333 0.0565
3 0.64825 0.648 0.0275 0.025
3 0.48524999999999996 0.63225 0.024499999999999997 0.0285
3 0.4349166666666667 0.627375 0.028166666666666666 0.02725
3 0.46025 0.6295000000000001 0.015166666666666667 0.025
