1 0.15491666666666667 0.409375 0.30983333333333335 0.22825
1 0.6998333333333333 0.532875 0.6 0.20325000000000001
3 0.18016666666666667 0.449625 0.036333333333333336 0.04575
3 0.17433333333333334 0.408875 0.028999999999999998 0.02725
3 0.12975 0.401875 0.0355 0.04775
3 0.08566666666666667 0.379 0.04566666666666667 0.0455
3 0.06683333333333333 0.3975 0.029666666666666664 0.0325
3 0.0465 0.366 0.016666666666666666 0.0175
3 0.028749999999999998 0.3845 0.023166666666666665 0.0195
3 0.24391666666666667 0.440375 0.0305 0.02925
3 0.19649999999999998 0.503375 0.019666666666666666 0.02075
3 0.43091666666666667 0.48775 0.023166666666666665 0.0305
3 0.47433333333333333 0.517 0.03766666666666667 0.026000000000000002
3 0.48125 0.49262500000000004 0.010833333333333334 0.02275
3 0.5138333333333334 0.5055000000000001 0.025333333333333333 0.025
3 0.5523333333333333 0.53225 0.037 0.021500000000000002
3 0.5635 0.505 0.032 0.0305
3 0.6168333333333333 0.51975 0.025333333333333333 0.023
3 0.6733333333333333 0.549125 0.05433333333333333 0.04225
3 0.7211666666666666 0.558875 0.012333333333333333 0.02275
3 0.745 0.55075 0.025333333333333333 0.0305
3 0.7294166666666666 0.61275 0.0275 0.0175
3 0.8146666666666667 0.564375 0.049999999999999996 0.04675
3 0.7805 0.542 0.012333333333333333 0.0175
3 0.8885 0.62675 0.018 0.0195
3 0.9794999999999999 0.5806250000000001 0.02033333333333333 0.03375
3 0.9418333333333333 0.5655 0.028999999999999998 0.025
