3 0.17333333333333334 0.1855 0.025333333333333333 0.0415
3 0.14725 0.227875 0.02383333333333333 0.03925
3 0.12908333333333333 0.223 0.015166666666666667 0.0425
3 0.15625 0.08225 0.026166666666666664 0.0175
3 0.07333333333333333 0.16875 0.04566666666666667 0.0555
3 0.04508333333333333 0.142625 0.057166666666666664 0.05775
3 0.016583333333333332 0.124625 0.033166666666666664 0.04775
3 0.01325 0.208875 0.0265 0.035750000000000004
3 0.08883333333333333 0.1285 0.028999999999999998 0.025
3 0.6076666666666667 0.506125 0.04633333333333333 0.07375
3 0.4613333333333333 0.30725 0.12166666666666666 0.148
