9 0.32054924242424243 0.6994949494949495 0.05397727272727273 0.19292929292929295
4 0.16979166666666667 0.6865319865319865 0.02784090909090909 0.04781144781144781
13 0.3047348484848485 0.5575757575757576 0.25492424242424244 0.08282828282828283
2 0.6567234848484849 0.7170033670033671 0.036931818181818184 0.07508417508417509
7 0.6323863636363637 0.7067340067340068 0.027651515151515153 0.05185185185185186
12 0.37481060606060607 0.8127946127946128 0.05454545454545454 0.08282828282828283
11 0.3508522727272727 0.5893939393939395 0.022537878787878787 0.04276094276094276
11 0.7859848484848485 0.8127946127946128 0.08446969696969697 0.07272727272727274
12 0.4464962121212121 0.8510101010101011 0.05473484848484848 0.029966329966329967
12 0.6180871212121212 0.9397306397306397 0.061931818181818185 0.05454545454545455
12 0.11553030303030302 0.5168350168350169 0.1071969696969697 0.06868686868686869
12 0.8741477272727273 0.8496632996632997 0.04071969696969697 0.060942760942760944
13 0.746875 0.7584175084175084 0.11534090909090909 0.0723905723905724
13 0.05909090909090909 0.7124579124579125 0.09621212121212121 0.06060606060606061
13 0.20984848484848484 0.7791245791245792 0.1428030303030303 0.08552188552188553
13 0.3307765151515151 0.8303030303030303 0.09337121212121212 0.0632996632996633
11 0.412594696969697 0.6264309764309764 0.026325757575757575 0.04410774410774411
13 0.5167613636363636 0.9001683501683502 0.07291666666666667 0.05824915824915825
12 0.5637310606060606 0.896969696969697 0.03428030303030303 0.07272727272727274
