12 0.34071969696969695 0.0797979797979798 0.06477272727272727 0.13468013468013468
16 0.01875 0.7565656565656566 0.0375 0.1851851851851852
11 0.08304924242424243 0.28821548821548826 0.09905303030303031 0.10370370370370371
9 0.02774621212121212 0.3052188552188552 0.05549242424242424 0.12693602693602693
12 0.5649621212121212 0.24562289562289563 0.09393939393939393 0.4764309764309765
12 0.6026515151515152 0.6968013468013469 0.12803030303030302 0.16195286195286196
11 0.5984848484848485 0.5343434343434343 0.048863636363636366 0.09090909090909091
11 0.6330492424242424 0.5829966329966331 0.04071969696969697 0.07104377104377105
16 0.38693181818181815 0.8282828282828283 0.03787878787878788 0.07003367003367003
12 0.471969696969697 0.7033670033670034 0.12878787878787878 0.27070707070707073
7 0.41893939393939394 0.025084175084175084 0.05113636363636364 0.05016835016835017
12 0.296875 0.9474747474747475 0.07784090909090909 0.08821548821548822
11 0.5387310606060606 0.4126262626262627 0.027083333333333334 0.05151515151515152
8 0.7034090909090909 0.8457912457912459 0.04015151515151515 0.0787878787878788
12 0.3899621212121212 0.7383838383838385 0.03787878787878788 0.09966329966329966
12 0.35179924242424243 0.9087542087542088 0.03579545454545455 0.1191919191919192
12 0.26193181818181815 0.2175084175084175 0.07575757575757576 0.10505050505050506
12 0.29611742424242427 0.12525252525252525 0.05965909090909091 0.06464646464646465
