17 0.6821022727272728 0.42744107744107745 0.18579545454545454 0.1101010101010101
17 0.08191287878787878 0.5415824915824916 0.16382575757575757 0.2420875420875421
17 0.014962121212121211 0.5841750841750842 0.029924242424242423 0.11245791245791247
11 0.033049242424242425 0.6166666666666667 0.021780303030303032 0.07373737373737374
11 0.2833333333333333 0.6587542087542088 0.1696969696969697 0.10606060606060606
17 0.04668560606060606 0.03585858585858586 0.09337121212121212 0.05420875420875421
17 0.7623106060606061 0.13552188552188552 0.08106060606060606 0.038720538720538725
17 0.7648674242424243 0.10707070707070708 0.0740530303030303 0.03367003367003367
17 0.6104166666666667 0.02441077441077441 0.0625 0.04882154882154882
17 0.5329545454545455 0.019191919191919194 0.026893939393939394 0.03838383838383839
17 0.8443181818181819 0.15942760942760945 0.07727272727272727 0.04006734006734007
17 0.8425189393939394 0.13232323232323234 0.06761363636363636 0.02962962962962963
17 0.9832386363636364 0.19882154882154884 0.03314393939393939 0.04141414141414142
17 0.9901515151515151 0.27861952861952866 0.019318181818181818 0.03737373737373738
17 0.9891098484848485 0.23585858585858588 0.02140151515151515 0.027272727272727275
12 0.9206439393939394 0.9638047138047139 0.13484848484848486 0.07171717171717172
11 0.4732007575757576 0.7622895622895624 0.0706439393939394 0.08013468013468014
12 0.5824810606060606 0.8082491582491583 0.05473484848484848 0.04006734006734007
2 0.9848484848484849 0.24494949494949497 0.01893939393939394 0.02457912457912458
12 0.8548295454545455 0.8528619528619529 0.2899621212121212 0.13198653198653199
12 0.8117424242424243 0.931986531986532 0.08598484848484848 0.06464646464646465
12 0.3885416666666667 0.7311447811447812 0.03049242424242424 0.0595959595959596
12 0.1965909090909091 0.6612794612794614 0.029924242424242423 0.03636363636363637
12 0.5382575757575757 0.7875420875420875 0.019696969696969695 0.024915824915824916
12 0.18352272727272728 0.5744107744107745 0.01818181818181818 0.05185185185185186
11 0.2053030303030303 0.5784511784511784 0.01818181818181818 0.030976430976430977
11 0.32054924242424243 0.7247474747474748 0.09109848484848485 0.038720538720538725
