12 0.303219696969697 0.33905723905723906 0.3034090909090909 0.6781144781144781
4 0.48996212121212124 0.77996632996633 0.11742424242424243 0.4393939393939394
12 0.07073863636363636 0.34393939393939393 0.14147727272727273 0.46632996632996637
12 0.10170454545454545 0.8962962962962964 0.05037878787878788 0.07407407407407408
12 0.1359848484848485 0.7124579124579125 0.04734848484848485 0.08148148148148149
12 0.3806818181818182 0.8353535353535354 0.08522727272727272 0.1851851851851852
12 0.31335227272727273 0.8976430976430977 0.04071969696969697 0.0632996632996633
12 0.3803030303030303 0.9742424242424242 0.058333333333333334 0.05084175084175085
2 0.625094696969697 0.025589225589225592 0.07102272727272728 0.051178451178451184
11 0.6214015151515152 0.16212121212121214 0.05378787878787879 0.09191919191919193
11 0.6353219696969697 0.33754208754208753 0.06268939393939393 0.09865319865319866
11 0.6084280303030303 0.44242424242424244 0.0831439393939394 0.08821548821548822
