12 0.12471590909090909 0.7824915824915826 0.24943181818181817 0.43434343434343436
12 0.7378787878787879 0.36329966329966334 0.2833333333333333 0.30033670033670035
16 0.9339962121212121 0.05033670033670034 0.08882575757575757 0.10067340067340068
16 0.09289772727272727 0.3193602693602694 0.18579545454545454 0.1632996632996633
12 0.421875 0.1595959595959596 0.12973484848484848 0.06599326599326599
9 0.5234848484848484 0.2824915824915825 0.06931818181818182 0.06599326599326599
16 0.6228219696969697 0.16666666666666669 0.06268939393939393 0.09831649831649832
16 0.7497159090909091 0.1414141414141414 0.16609848484848486 0.0632996632996633
16 0.7446022727272728 0.35235690235690237 0.032007575757575756 0.045454545454545456
16 0.8961174242424242 0.1335016835016835 0.06988636363636364 0.1228956228956229
12 0.5601325757575758 0.1755892255892256 0.07784090909090909 0.09865319865319866
12 0.7597537878787879 0.19444444444444445 0.19602272727272727 0.04006734006734007
