19 0.790719696969697 0.0728956228956229 0.4174242424242424 0.1457912457912458
19 0.7151515151515152 0.3634680134680135 0.5693181818181818 0.4636363636363637
19 0.5933712121212121 0.6632996632996634 0.04583333333333333 0.25521885521885523
19 0.4910037878787879 0.6599326599326599 0.035037878787878785 0.04915824915824916
19 0.303125 0.803872053872054 0.11496212121212121 0.3888888888888889
19 0.5602272727272727 0.9671717171717172 0.05113636363636364 0.06498316498316499
19 0.38977272727272727 0.8814814814814815 0.017424242424242425 0.028282828282828285
19 0.5023674242424242 0.9372053872053873 0.01231060606060606 0.02861952861952862
19 0.559564393939394 0.9222222222222223 0.021780303030303032 0.01952861952861953
19 0.6542613636363637 0.7247474747474748 0.023295454545454546 0.056902356902356906
19 0.7285037878787879 0.7513468013468014 0.0903409090909091 0.06363636363636364
19 0.8141098484848485 0.737037037037037 0.03996212121212121 0.3952861952861953
19 0.9198863636363637 0.8175084175084175 0.15984848484848485 0.3643097643097643
19 0.22196969696969696 0.2696969696969697 0.36022727272727273 0.5393939393939394
2 0.2106060606060606 0.49612794612794614 0.029166666666666667 0.1127946127946128
19 0.019318181818181818 0.05875420875420876 0.038636363636363635 0.11750841750841752
19 0.07575757575757576 0.1511784511784512 0.15151515151515152 0.28754208754208754
19 0.03068181818181818 0.46515151515151515 0.020454545454545454 0.045454545454545456
