11 0.3885416666666667 0.5304713804713805 0.11079545454545454 0.02861952861952862
19 0.5694128787878788 0.6074074074074074 0.08958333333333333 0.11784511784511785
5 0.5028409090909091 0.5350168350168351 0.9939393939393939 0.33265993265993266
5 0.55625 0.02760942760942761 0.05757575757575758 0.05521885521885522
5 0.659280303030303 0.02760942760942761 0.03787878787878788 0.05521885521885522
5 0.7429924242424243 0.031481481481481485 0.03787878787878788 0.06296296296296297
5 0.8086174242424242 0.02441077441077441 0.08162878787878788 0.04882154882154882
5 0.9539772727272727 0.009427609427609429 0.041666666666666664 0.018855218855218858
11 0.41638257575757576 0.8195286195286196 0.06761363636363636 0.3602693602693603
11 0.8410037878787878 0.8835016835016836 0.2134469696969697 0.23232323232323235
9 0.3950757575757576 0.5291245791245791 0.1734848484848485 0.056902356902356906
13 0.3241477272727273 0.6553872053872054 0.09829545454545455 0.09191919191919193
13 0.08285984848484848 0.6387205387205388 0.16571969696969696 0.11784511784511785
