17 0.017803030303030303 0.22356902356902358 0.029166666666666667 0.17104377104377105
16 0.17992424242424243 0.2117845117845118 0.2935606060606061 0.18383838383838386
11 0.712310606060606 0.28451178451178455 0.575 0.4531986531986532
11 0.7332386363636364 0.02962962962962963 0.5077651515151516 0.05925925925925926
11 0.5446022727272727 0.7092592592592593 0.04450757575757576 0.05420875420875421
12 0.19289772727272728 0.7570707070707071 0.38125 0.13973063973063973
12 0.4549242424242424 0.7013468013468014 0.048106060606060604 0.08282828282828283
16 0.5132575757575758 0.8962962962962964 0.048863636363636366 0.07138047138047138
11 0.7073863636363636 0.8826599326599327 0.11818181818181818 0.10606060606060606
11 0.7908143939393939 0.9353535353535354 0.15359848484848485 0.12861952861952863
11 0.74375 0.6994949494949495 0.027651515151515153 0.03737373737373738
11 0.8275568181818181 0.7752525252525253 0.020265151515151514 0.0468013468013468
11 0.859280303030303 0.7611111111111112 0.03143939393939394 0.04410774410774411
11 0.8880681818181818 0.7707070707070708 0.01893939393939394 0.035016835016835016
11 0.6665719696969697 0.7577441077441078 0.033522727272727273 0.03737373737373738
9 0.4433712121212121 0.8011784511784512 0.09242424242424242 0.30538720538720543
9 0.4571969696969697 0.2765993265993266 0.10265151515151515 0.5491582491582492
9 0.8151515151515152 0.9185185185185185 0.22575757575757577 0.1622895622895623
16 0.02784090909090909 0.38872053872053874 0.05568181818181818 0.15656565656565657
11 0.24678030303030302 0.36144781144781146 0.16098484848484848 0.10740740740740741
11 0.12083333333333333 0.33232323232323235 0.07651515151515151 0.06734006734006734
11 0.06401515151515151 0.380976430976431 0.038636363636363635 0.09461279461279462
13 0.2910037878787879 0.10370370370370371 0.16609848484848486 0.03232323232323232
13 0.13863636363636364 0.14511784511784512 0.1428030303030303 0.08148148148148149
16 0.5477272727272727 0.3952861952861953 0.019696969696969695 0.03232323232323232
16 0.28731060606060604 0.8587542087542088 0.027651515151515153 0.05286195286195287
16 0.19109848484848485 0.8696969696969697 0.01893939393939394 0.046464646464646465
13 0.24649621212121212 0.8562289562289562 0.05246212121212121 0.0632996632996633
13 0.1452651515151515 0.853030303030303 0.07007575757575757 0.056902356902356906
16 0.44753787878787876 0.29292929292929293 0.02196969696969697 0.04781144781144781
16 0.44640151515151516 0.34461279461279465 0.019696969696969695 0.03737373737373738
16 0.5175189393939394 0.029966329966329967 0.04375 0.04242424242424243
13 0.8448863636363636 0.9584175084175085 0.037121212121212124 0.07373737373737374
12 0.4738636363636364 0.797979797979798 0.026136363636363635 0.09966329966329966
12 0.5693181818181818 0.8050505050505051 0.1412878787878788 0.09831649831649832
12 0.5875 0.9085858585858586 0.08598484848484848 0.09865319865319866
12 0.956060606060606 0.7531986531986532 0.0875 0.18383838383838386
12 0.8818181818181818 0.6988215488215489 0.07424242424242425 0.07508417508417509
