2 0.6490530303030303 0.7818181818181819 0.03939393939393939 0.13468013468013468
2 0.5809659090909091 0.8223905723905724 0.03579545454545455 0.07643097643097643
2 0.5004734848484849 0.7900673400673401 0.014583333333333334 0.07373737373737374
9 0.684375 0.547979797979798 0.027083333333333334 0.15925925925925927
12 0.784185606060606 0.8626262626262626 0.029734848484848486 0.053198653198653204
12 0.9262310606060606 0.8897306397306398 0.11875 0.045454545454545456
12 0.4275568181818182 0.7473063973063974 0.12670454545454546 0.07104377104377105
12 0.08125 0.6437710437710438 0.13484848484848486 0.06868686868686869
12 0.1933712121212121 0.6922558922558923 0.029924242424242423 0.04915824915824916
16 0.6956439393939394 0.7734006734006734 0.04090909090909091 0.13602693602693602
16 0.30445075757575757 0.6877104377104377 0.026325757575757575 0.10740740740740741
12 0.048106060606060604 0.33872053872053876 0.0946969696969697 0.06734006734006734
12 0.22509469696969697 0.38282828282828285 0.16609848484848486 0.09292929292929293
12 0.35984848484848486 0.4313131313131313 0.07272727272727272 0.06868686868686869
12 0.47168560606060606 0.4760942760942761 0.11723484848484848 0.06464646464646465
12 0.7597537878787879 0.5200336700336701 0.06117424242424242 0.0468013468013468
12 0.9171401515151515 0.5707070707070707 0.05397727272727273 0.04915824915824916
