4 0.5951704545454546 0.878956228956229 0.709659090909091 0.24141414141414141
7 0.796969696969697 0.8043771043771044 0.020454545454545454 0.035016835016835016
2 0.656060606060606 0.685858585858586 0.06628787878787878 0.046464646464646465
2 0.23759469696969696 0.5265993265993266 0.033522727272727273 0.046464646464646465
7 0.26193181818181815 0.5668350168350169 0.07348484848484849 0.056902356902356906
7 0.2331439393939394 0.5978114478114478 0.03068181818181818 0.05151515151515152
7 0.8522727272727273 0.7318181818181818 0.027651515151515153 0.08653198653198654
12 0.509375 0.29612794612794613 0.11912878787878788 0.1888888888888889
11 0.8829545454545454 0.2772727272727273 0.13825757575757575 0.1101010101010101
2 0.399905303030303 0.318013468013468 0.05246212121212121 0.09595959595959597
2 0.815625 0.2740740740740741 0.04147727272727273 0.1447811447811448
4 0.8086174242424242 0.4230639730639731 0.08162878787878788 0.11414141414141414
2 0.5016098484848485 0.41195286195286196 0.08806818181818182 0.04276094276094276
4 0.07395833333333333 0.6375420875420875 0.14640151515151514 0.7242424242424242
4 0.11515151515151516 0.5525252525252525 0.029166666666666667 0.08552188552188553
2 0.12651515151515152 0.3803030303030303 0.037121212121212124 0.05420875420875421
4 0.9289772727272727 0.7422558922558923 0.14166666666666666 0.18013468013468015
4 0.1893939393939394 0.7521885521885522 0.0946969696969697 0.494949494949495
4 0.2950757575757576 0.4974747474747475 0.11060606060606061 0.08653198653198654
4 0.4778409090909091 0.6303030303030304 0.22727272727272727 0.18653198653198655
4 0.6943181818181818 0.7170033670033671 0.20113636363636364 0.10875420875420876
4 0.8995265151515152 0.7265993265993267 0.2005681818181818 0.1723905723905724
11 0.09147727272727273 0.09074074074074075 0.18295454545454545 0.18013468013468015
2 0.3690340909090909 0.2144781144781145 0.01837121212121212 0.03367003367003367
