11 0.24554924242424242 0.2772727272727273 0.18049242424242423 0.10740740740740741
11 0.10208333333333333 0.28114478114478114 0.1412878787878788 0.10235690235690237
11 0.18570075757575757 0.7131313131313132 0.05321969696969697 0.08013468013468014
11 0.5714962121212122 0.6516835016835018 0.17632575757575758 0.1101010101010101
2 0.703030303030303 0.18922558922558924 0.043560606060606064 0.12053872053872054
17 0.8526515151515152 0.1814814814814815 0.17575757575757575 0.10774410774410775
2 0.9641098484848485 0.130976430976431 0.03125 0.12592592592592594
2 0.9857007575757576 0.07861952861952862 0.02481060606060606 0.07777777777777778
7 0.45928030303030304 0.2772727272727273 0.04734848484848485 0.07373737373737374
9 0.5700757575757576 0.23333333333333334 0.25113636363636366 0.13063973063973064
8 0.35918560606060607 0.48720538720538725 0.11231060606060606 0.622895622895623
11 0.5710227272727273 0.944949494949495 0.023863636363636365 0.04141414141414142
11 0.6168560606060606 0.9372053872053873 0.026893939393939394 0.038720538720538725
11 0.753125 0.9183501683501684 0.024053030303030302 0.02457912457912458
11 0.9706439393939394 0.8976430976430977 0.058333333333333334 0.02693602693602694
12 0.7269886363636363 0.6287878787878788 0.08390151515151516 0.12693602693602693
12 0.05501893939393939 0.7797979797979798 0.09185606060606061 0.16430976430976432
12 0.27357954545454544 0.7079124579124579 0.06117424242424242 0.15521885521885523
12 0.431155303030303 0.6658249158249159 0.0706439393939394 0.14377104377104377
12 0.9709280303030303 0.6296296296296297 0.051704545454545454 0.05050505050505051
