11 0.2203598484848485 0.39511784511784515 0.440719696969697 0.30942760942760944
11 0.4536931818181818 0.5641414141414142 0.20359848484848486 0.1861952861952862
2 0.6747159090909091 0.6321548821548821 0.12708333333333333 0.05824915824915825
2 0.6635416666666667 0.591919191919192 0.0668560606060606 0.04511784511784512
17 0.7779356060606061 0.6336700336700337 0.12253787878787879 0.12592592592592594
11 0.6073863636363637 0.31734006734006737 0.15833333333333333 0.31212121212121213
11 0.23825757575757575 0.17441077441077443 0.17613636363636365 0.07003367003367003
11 0.4225378787878788 0.20555555555555557 0.1412878787878788 0.07777777777777778
11 0.05909090909090909 0.1393939393939394 0.10795454545454546 0.061952861952861954
11 0.5839015151515151 0.04882154882154882 0.07954545454545454 0.06734006734006734
11 0.9553977272727273 0.32323232323232326 0.04602272727272727 0.03905723905723906
9 0.7714962121212121 0.4476430976430977 0.05246212121212121 0.34713804713804713
2 0.709469696969697 0.5848484848484848 0.03636363636363636 0.046464646464646465
13 0.49166666666666664 0.5836700336700337 0.035606060606060606 0.06228956228956229
13 0.4213068181818182 0.6067340067340068 0.0509469696969697 0.06734006734006734
13 0.2701704545454545 0.5996632996632997 0.07215909090909091 0.053198653198653204
13 0.19545454545454546 0.5952861952861953 0.04659090909090909 0.05185185185185186
13 0.11420454545454546 0.5823232323232324 0.06628787878787878 0.04410774410774411
11 0.5809659090909091 0.6048821548821549 0.04375 0.04276094276094276
