11 0.09071969696969696 0.7856902356902358 0.18143939393939393 0.15791245791245792
11 0.5006628787878787 0.6153198653198654 0.2596590909090909 0.2111111111111111
11 0.756439393939394 0.7324915824915825 0.12234848484848485 0.14511784511784512
11 0.46316287878787876 0.24511784511784512 0.08844696969696969 0.49023569023569025
9 0.643655303030303 0.6424242424242425 0.02556818181818182 0.21616161616161617
9 0.03068181818181818 0.7727272727272728 0.055303030303030305 0.14747474747474748
9 0.48323863636363634 0.09090909090909091 0.08731060606060606 0.0632996632996633
11 0.821590909090909 0.9030303030303031 0.08674242424242425 0.19326599326599328
11 0.7571969696969697 0.8446127946127947 0.048106060606060604 0.07643097643097643
1 0.7286931818181818 0.6353535353535353 0.08882575757575757 0.10639730639730641
