11 0.499905303030303 0.5052188552188552 0.999810606060606 0.4804713804713805
11 0.08683712121212121 0.12996632996632998 0.17367424242424243 0.25993265993265996
11 0.2949810606060606 0.1335016835016835 0.13049242424242424 0.26026936026936026
11 0.4559659090909091 0.1292929292929293 0.08238636363636363 0.2585858585858586
11 0.6581439393939394 0.2117845117845118 0.2840909090909091 0.1164983164983165
11 0.7703598484848485 0.07222222222222223 0.033522727272727273 0.14444444444444446
11 0.9010416666666666 0.12542087542087543 0.11003787878787878 0.25084175084175087
11 0.2545454545454545 0.9247474747474748 0.08598484848484848 0.1101010101010101
9 0.5015151515151515 0.9592592592592593 0.06856060606060606 0.08080808080808081
11 0.5612689393939394 0.9572390572390573 0.045265151515151515 0.04781144781144781
11 0.052083333333333336 0.9728956228956229 0.04962121212121212 0.05353535353535354
11 0.13655303030303031 0.8735690235690237 0.12954545454545455 0.196969696969697
11 0.4071969696969697 0.9774410774410774 0.05606060606060606 0.044444444444444446
11 0.4480113636363636 0.942929292929293 0.024053030303030302 0.04814814814814815
2 0.03570075757575757 0.8121212121212121 0.016856060606060607 0.10505050505050506
17 0.36742424242424243 0.872895622895623 0.12386363636363637 0.060942760942760944
17 0.015151515151515152 0.8755892255892256 0.030303030303030304 0.2474747474747475
