11 0.11458333333333333 0.4585858585858586 0.2196969696969697 0.1824915824915825
13 0.35643939393939394 0.27272727272727276 0.24204545454545454 0.09562289562289562
13 0.9083333333333333 0.48063973063973064 0.15946969696969696 0.060942760942760944
9 0.5762310606060606 0.39511784511784515 0.11950757575757576 0.08181818181818182
11 0.5513257575757575 0.5978114478114478 0.2178030303030303 0.23804713804713806
11 0.8441287878787879 0.6444444444444445 0.29772727272727273 0.11111111111111112
11 0.7892992424242424 0.47996632996633 0.08087121212121212 0.08787878787878789
13 0.8535984848484849 0.45033670033670037 0.2924242424242424 0.1760942760942761
11 0.43825757575757573 0.3452861952861953 0.1481060606060606 0.11683501683501685
11 0.3346590909090909 0.5175084175084176 0.21553030303030302 0.13737373737373737
11 0.5641098484848485 0.31683501683501686 0.08882575757575757 0.07272727272727274
13 0.7462121212121212 0.39511784511784515 0.04242424242424243 0.045454545454545456
13 0.6635416666666667 0.35959595959595964 0.07784090909090909 0.06464646464646465
13 0.7917613636363636 0.7447811447811448 0.20625 0.12053872053872054
16 0.5272727272727272 0.7092592592592593 0.028409090909090908 0.038720538720538725
16 0.5630681818181819 0.7616161616161616 0.048863636363636366 0.06868686868686869
11 0.3638257575757576 0.6244107744107744 0.1412878787878788 0.08922558922558924
