9 0.9323863636363636 0.7045454545454546 0.13068181818181818 0.2265993265993266
9 0.15132575757575759 0.7074074074074075 0.14053030303030303 0.19797979797979798
11 0.12793560606060606 0.7138047138047139 0.10852272727272727 0.1542087542087542
2 0.06780303030303031 0.6767676767676768 0.02196969696969697 0.030976430976430977
2 0.15965909090909092 0.9099326599326599 0.020454545454545454 0.05420875420875421
2 0.13882575757575757 0.9345117845117845 0.019696969696969695 0.06228956228956229
9 0.21609848484848485 0.891919191919192 0.11136363636363636 0.2154882154882155
11 0.2018939393939394 0.9023569023569024 0.08598484848484848 0.19461279461279463
7 0.19924242424242425 0.9521885521885523 0.037121212121212124 0.09494949494949495
11 0.5278409090909091 0.45151515151515154 0.07803030303030303 0.11380471380471381
12 0.31486742424242425 0.915993265993266 0.06837121212121212 0.16734006734006734
12 0.756155303030303 0.727946127946128 0.16761363636363635 0.06060606060606061
12 0.8764204545454546 0.7947811447811448 0.07859848484848485 0.04141414141414142
11 0.9329545454545455 0.6956228956228957 0.1337121212121212 0.12323232323232323
11 0.22679924242424243 0.48063973063973064 0.11382575757575758 0.06835016835016836
11 0.057291666666666664 0.494949494949495 0.07784090909090909 0.06868686868686869
2 0.7247159090909091 0.7732323232323233 0.11496212121212121 0.045454545454545456
2 0.6221590909090909 0.7720538720538721 0.07272727272727272 0.037710437710437715
17 0.5875 0.23905723905723908 0.1143939393939394 0.05185185185185186
17 0.5984848484848485 0.26616161616161615 0.1071969696969697 0.0595959595959596
17 0.19820075757575759 0.35690235690235694 0.023295454545454546 0.08821548821548822
2 0.18143939393939393 0.3693602693602694 0.020454545454545454 0.06599326599326599
2 0.2266098484848485 0.3257575757575758 0.028977272727272727 0.02592592592592593
2 0.1650568181818182 0.34730639730639734 0.013825757575757576 0.04006734006734007
17 0.08570075757575757 0.3589225589225589 0.10700757575757576 0.15151515151515152
17 0.07367424242424242 0.32592592592592595 0.0946969696969697 0.09562289562289562
17 0.052556818181818184 0.3207070707070707 0.07140151515151515 0.11683501683501685
17 0.030965909090909093 0.3218855218855219 0.061931818181818185 0.13737373737373737
12 0.968655303030303 0.8548821548821549 0.06231060606060606 0.0760942760942761
11 0.5708333333333333 0.5654882154882155 0.05757575757575758 0.09595959595959597
12 0.5097537878787879 0.6444444444444445 0.05056818181818182 0.2383838383838384
11 0.4161931818181818 0.5816498316498316 0.09753787878787878 0.08922558922558924
11 0.390719696969697 0.43518518518518523 0.17045454545454544 0.060942760942760944
12 0.6041666666666666 0.7311447811447812 0.12803030303030302 0.056902356902356906
11 0.4122159090909091 0.7570707070707071 0.051704545454545454 0.05420875420875421
12 0.35975378787878787 0.8057239057239057 0.027083333333333334 0.09696969696969697
11 0.5069128787878788 0.694949494949495 0.03276515151515152 0.09090909090909091
11 0.4556818181818182 0.9735690235690236 0.056818181818181816 0.052188552188552194
