19 0.43579545454545454 0.4094276094276095 0.340530303030303 0.21616161616161617
19 0.4884469696969697 0.22154882154882155 0.2556818181818182 0.1851851851851852
19 0.340625 0.1691919191919192 0.04450757575757576 0.13973063973063973
19 0.3930871212121212 0.07861952861952862 0.09109848484848485 0.10606060606060606
19 0.25606060606060604 0.16851851851851854 0.06628787878787878 0.28114478114478114
19 0.5995265151515151 0.15033670033670035 0.08011363636363636 0.27306397306397306
19 0.5129734848484848 0.16262626262626265 0.3263257575757576 0.16565656565656567
4 0.9589015151515151 0.5447811447811448 0.08181818181818182 0.8882154882154882
2 0.5238636363636363 0.92996632996633 0.026136363636363635 0.07407407407407408
9 0.40464015151515154 0.7914141414141415 0.033522727272727273 0.15925925925925927
19 0.4709280303030303 0.7585858585858586 0.19943181818181818 0.48215488215488217
19 0.35255681818181817 0.6225589225589226 0.05321969696969697 0.20202020202020204
