2 0.17083333333333334 0.08569023569023569 0.037121212121212124 0.021885521885521887
2 0.17452651515151515 0.06043771043771044 0.038446969696969695 0.023232323232323233
12 0.6440340909090909 0.6680134680134681 0.16609848484848486 0.6632996632996634
12 0.31221590909090907 0.11986531986531987 0.21647727272727274 0.05185185185185186
12 0.4236742424242424 0.5855218855218856 0.029924242424242423 0.8222222222222223
19 0.7506628787878787 0.5543771043771044 0.1653409090909091 0.29393939393939394
19 0.9151515151515152 0.6691919191919192 0.1693181818181818 0.36262626262626263
19 0.912784090909091 0.0936026936026936 0.1740530303030303 0.1872053872053872
16 0.44479166666666664 0.4792929292929293 0.02556818181818182 0.05286195286195287
13 0.30056818181818185 0.5885521885521886 0.22348484848484848 0.8175084175084175
9 0.7013257575757575 0.6836700336700338 0.2833333333333333 0.631986531986532
9 0.9001893939393939 0.5978114478114478 0.19924242424242425 0.297979797979798
13 0.8693181818181818 0.2856902356902357 0.1268939393939394 0.14511784511784512
13 0.7116477272727273 0.1303030303030303 0.17708333333333334 0.25387205387205386
16 0.6439393939393939 0.9092592592592593 0.019696969696969695 0.03737373737373738
19 0.9473484848484849 0.24696969696969698 0.10492424242424242 0.10875420875420876
19 0.9714015151515152 0.34915824915824917 0.056818181818181816 0.09831649831649832
