6 0.7672348484848485 0.7461279461279462 0.46515151515151515 0.49360269360269365
12 0.24299242424242423 0.5700336700336701 0.48598484848484846 0.13602693602693602
12 0.9286931818181818 0.29225589225589227 0.1422348484848485 0.27474747474747474
12 0.6204545454545455 0.46212121212121215 0.2674242424242424 0.06498316498316499
16 0.27765151515151515 0.3712121212121212 0.2753787878787879 0.1505050505050505
16 0.07073863636363636 0.4703703703703704 0.14147727272727273 0.12053872053872054
16 0.5551136363636363 0.3907407407407408 0.17916666666666667 0.09326599326599327
16 0.7645833333333333 0.33484848484848484 0.06780303030303031 0.10606060606060606
12 0.312405303030303 0.4760942760942761 0.34299242424242427 0.04915824915824916
12 0.21922348484848486 0.3616161616161616 0.04450757575757576 0.06868686868686869
16 0.15293560606060605 0.03888888888888889 0.03276515151515152 0.05824915824915825
12 0.1877840909090909 0.027272727272727275 0.024053030303030302 0.035016835016835016
16 0.6879734848484849 0.330976430976431 0.06117424242424242 0.046464646464646465
16 0.819034090909091 0.2208754208754209 0.045265151515151515 0.07003367003367003
