19 0.43106060606060603 0.17037037037037037 0.1390151515151515 0.13198653198653199
19 0.5140151515151515 0.11161616161616163 0.09242424242424242 0.09191919191919193
10 0.19147727272727272 0.3207070707070707 0.2935606060606061 0.1505050505050505
10 0.8071022727272728 0.20925925925925928 0.38238636363636364 0.10606060606060606
19 0.7605113636363636 0.23973063973063974 0.06117424242424242 0.06060606060606061
19 0.9826704545454545 0.11414141414141414 0.023295454545454546 0.04781144781144781
19 0.9251893939393939 0.23585858585858588 0.07007575757575757 0.04006734006734007
7 0.026988636363636364 0.4314814814814815 0.05397727272727273 0.07643097643097643
19 0.3588068181818182 0.3525252525252525 0.03276515151515152 0.04781144781144781
19 0.2946969696969697 0.380976430976431 0.04583333333333333 0.045454545454545456
19 0.22518939393939394 0.3912457912457913 0.059848484848484845 0.05050505050505051
19 0.12102272727272727 0.368013468013468 0.026136363636363635 0.02962962962962963
19 0.24517045454545455 0.3038720538720539 0.01534090909090909 0.04141414141414142
19 0.17736742424242424 0.2138047138047138 0.05397727272727273 0.03232323232323232
19 0.803219696969697 0.06245791245791246 0.19734848484848486 0.07643097643097643
8 0.5831439393939394 0.2112794612794613 0.05454545454545454 0.27306397306397306
10 0.4543560606060606 0.27474747474747474 0.23674242424242425 0.10505050505050506
10 0.6565340909090909 0.2915824915824916 0.07140151515151515 0.05050505050505051
