7 0.47357954545454545 0.4373737373737374 0.05549242424242424 0.2175084175084175
13 0.6017992424242424 0.21902356902356904 0.21571969696969698 0.4158249158249158
13 0.49583333333333335 0.711952861952862 0.08522727272727272 0.5754208754208755
12 0.36429924242424244 0.27474747474747474 0.03920454545454546 0.531986531986532
12 0.4746212121212121 0.5951178451178452 0.029924242424242423 0.11144781144781145
12 0.4895833333333333 0.21313131313131314 0.029166666666666667 0.30303030303030304
12 0.3763257575757576 0.7215488215488216 0.021212121212121213 0.05050505050505051
12 0.5306818181818181 0.5816498316498316 0.026893939393939394 0.25757575757575757
12 0.4928977272727273 0.8496632996632997 0.0634469696969697 0.09461279461279462
11 0.7349431818181819 0.7771043771043772 0.26875 0.4208754208754209
12 0.32206439393939396 0.8978114478114478 0.026325757575757575 0.20370370370370372
12 0.3384469696969697 0.6178451178451179 0.02537878787878788 0.1542087542087542
13 0.5565340909090909 0.7158249158249158 0.03276515151515152 0.5676767676767677
11 0.930965909090909 0.6742424242424243 0.11571969696969697 0.35993265993265994
11 0.6836174242424242 0.5279461279461279 0.12973484848484848 0.09831649831649832
11 0.8963068181818182 0.8851851851851852 0.05965909090909091 0.06464646464646465
