5 0.3763257575757576 0.21060606060606063 0.04583333333333333 0.1888888888888889
5 0.7324810606060606 0.5616161616161617 0.15359848484848485 0.30033670033670035
5 0.7602272727272728 0.217003367003367 0.06780303030303031 0.07508417508417509
5 0.3428030303030303 0.8031986531986532 0.0428030303030303 0.10740740740740741
5 0.3759469696969697 0.7117845117845119 0.03636363636363636 0.10101010101010102
5 0.33115530303030305 0.8833333333333334 0.048674242424242425 0.05555555555555556
5 0.2571969696969697 0.8755892255892256 0.03484848484848485 0.045454545454545456
5 0.2262310606060606 0.9326599326599327 0.027083333333333334 0.09966329966329966
5 0.18333333333333332 0.9787878787878789 0.019696969696969695 0.041750841750841754
2 0.6698863636363637 0.2831649831649832 0.01818181818181818 0.03636363636363637
9 0.634185606060606 0.6392255892255893 0.29791666666666666 0.3006734006734007
9 0.7350378787878787 0.7156565656565657 0.11212121212121212 0.18417508417508419
11 0.8956439393939394 0.9222222222222223 0.037121212121212124 0.08956228956228957
2 0.6916666666666667 0.2734006734006734 0.019696969696969695 0.02962962962962963
