4 0.2827651515151515 0.588047138047138 0.056818181818181816 0.17474747474747476
1 0.16287878787878787 0.21902356902356904 0.1159090909090909 0.16936026936026938
1 0.23977272727272728 0.41649831649831653 0.06704545454545455 0.17104377104377105
1 0.46647727272727274 0.5213804713804714 0.027651515151515153 0.12693602693602693
1 0.5209280303030303 0.8787878787878788 0.07443181818181818 0.232996632996633
2 0.9786931818181818 0.935858585858586 0.03579545454545455 0.0468013468013468
13 0.7011363636363637 0.7318181818181818 0.06628787878787878 0.09191919191919193
4 0.29545454545454547 0.7092592592592593 0.038636363636363635 0.05420875420875421
4 0.3118371212121212 0.7745791245791246 0.04375 0.08922558922558924
4 0.3319128787878788 0.9094276094276095 0.04450757575757576 0.18047138047138048
4 0.5252840909090909 0.5511784511784512 0.05549242424242424 0.10639730639730641
13 0.5914772727272727 0.4981481481481482 0.06780303030303031 0.09865319865319866
13 0.48210227272727274 0.3803030303030303 0.04299242424242424 0.0595959595959596
1 0.4810606060606061 0.4462962962962963 0.04659090909090909 0.049494949494949494
10 0.40539772727272727 0.41649831649831653 0.07140151515151515 0.16296296296296298
