5 0.05899621212121212 0.2553872053872054 0.11799242424242425 0.363973063973064
2 0.25804924242424243 0.20673400673400674 0.04337121212121212 0.020875420875420877
2 0.3712121212121212 0.19831649831649834 0.0428030303030303 0.09225589225589226
7 0.06013257575757576 0.025589225589225592 0.03996212121212121 0.03367003367003367
19 0.6520833333333333 0.007575757575757576 0.029166666666666667 0.015151515151515152
19 0.9043560606060606 0.010774410774410775 0.04734848484848485 0.02154882154882155
19 0.9755681818181818 0.07340067340067341 0.048484848484848485 0.10370370370370371
19 0.7390151515151515 0.2085858585858586 0.2643939393939394 0.2292929292929293
19 0.6785037878787878 0.5617845117845118 0.6426136363636363 0.8757575757575758
19 0.42348484848484846 0.08181818181818182 0.04090909090909091 0.06868686868686869
