2 0.4021780303030303 0.42744107744107745 0.03049242424242424 0.060942760942760944
16 0.5480113636363636 0.48720538720538725 0.778219696969697 0.13333333333333333
16 0.27111742424242424 0.6774410774410775 0.2259469696969697 0.1696969696969697
9 0.6953598484848484 0.5575757575757576 0.1028409090909091 0.15016835016835017
9 0.15047348484848486 0.5823232323232324 0.03428030303030303 0.398989898989899
13 0.27386363636363636 0.39781144781144784 0.20606060606060606 0.045454545454545456
13 0.5036931818181818 0.42744107744107745 0.12821969696969696 0.060942760942760944
13 0.6391098484848485 0.42878787878787883 0.09753787878787878 0.03737373737373738
13 0.7254734848484848 0.4404040404040404 0.05890151515151515 0.053198653198653204
16 0.9079545454545455 0.6496632996632997 0.029166666666666667 0.056902356902356906
16 0.9628787878787879 0.48771043771043776 0.028409090909090908 0.04141414141414142
16 0.5816287878787879 0.67996632996633 0.06704545454545455 0.15656565656565657
16 0.746969696969697 0.6282828282828283 0.2564393939393939 0.09696969696969697
16 0.9046401515151515 0.5848484848484848 0.03276515151515152 0.05454545454545455
