16 0.38570075757575756 0.44562289562289564 0.023295454545454546 0.029966329966329967
11 0.38835227272727274 0.5518518518518519 0.032007575757575756 0.04242424242424243
11 0.34204545454545454 0.5823232323232324 0.028409090909090908 0.038720538720538725
11 0.28484848484848485 0.5531986531986532 0.07727272727272727 0.11245791245791247
2 0.3497159090909091 0.3976430976430977 0.03049242424242424 0.08417508417508418
17 0.31799242424242424 0.3757575757575758 0.07651515151515151 0.08148148148148149
17 0.29611742424242427 0.3452861952861953 0.09109848484848485 0.10336700336700337
17 0.44772727272727275 0.3097643097643098 0.18295454545454545 0.13333333333333333
17 0.42954545454545456 0.37373737373737376 0.05757575757575758 0.06464646464646465
17 0.59375 0.28434343434343434 0.12083333333333333 0.09326599326599327
17 0.6134469696969697 0.3095959595959596 0.07727272727272727 0.060942760942760944
11 0.6385416666666667 0.3122895622895623 0.01534090909090909 0.02457912457912458
2 0.6421401515151515 0.24040404040404043 0.04299242424242424 0.04377104377104377
2 0.6464962121212121 0.22424242424242424 0.036931818181818184 0.04781144781144781
2 0.656060606060606 0.22996632996632999 0.029924242424242423 0.06464646464646465
17 0.7321022727272727 0.24225589225589228 0.08882575757575757 0.07912457912457913
17 0.7179924242424243 0.2112794612794613 0.10416666666666667 0.07912457912457913
17 0.7048295454545455 0.17962962962962964 0.08806818181818182 0.09326599326599327
2 0.7575757575757576 0.1878787878787879 0.045454545454545456 0.09966329966329966
2 0.7663825757575757 0.1446127946127946 0.04678030303030303 0.08316498316498316
11 0.8275568181818181 0.198989898989899 0.08162878787878788 0.03905723905723906
11 0.9478219696969697 0.034511784511784514 0.021780303030303032 0.05151515151515152
11 0.9820075757575758 0.07205387205387206 0.017424242424242425 0.02356902356902357
13 0.08456439393939394 0.35185185185185186 0.04943181818181818 0.046464646464646465
11 0.17850378787878787 0.35050505050505054 0.05246212121212121 0.03367003367003367
11 0.9004734848484849 0.3420875420875421 0.08011363636363636 0.3097643097643098
11 0.9798295454545455 0.025589225589225592 0.0365530303030303 0.051178451178451184
11 0.9648674242424242 0.661952861952862 0.06988636363636364 0.26531986531986534
13 0.1178030303030303 0.7447811447811448 0.2356060606060606 0.34814814814814815
13 0.3678977272727273 0.7272727272727273 0.17784090909090908 0.2356902356902357
13 0.6438446969696969 0.6153198653198654 0.08238636363636363 0.16734006734006734
11 0.1555871212121212 0.928956228956229 0.3111742424242424 0.1414141414141414
11 0.26335227272727274 0.7868686868686869 0.07215909090909091 0.1164983164983165
11 0.41448863636363636 0.8425925925925927 0.15738636363636363 0.1760942760942761
11 0.49583333333333335 0.7511784511784512 0.08371212121212121 0.1824915824915825
13 0.5662878787878788 0.7163299663299664 0.06553030303030304 0.12020202020202021
