2 0.08087121212121212 0.6580808080808082 0.0625 0.03737373737373738
2 0.07613636363636364 0.624915824915825 0.04128787878787879 0.03367003367003367
2 0.07765151515151515 0.601010101010101 0.022727272727272728 0.01952861952861953
2 0.09952651515151516 0.5143097643097644 0.02556818181818182 0.03265993265993266
2 0.31363636363636366 0.5084175084175084 0.038636363636363635 0.03905723905723906
2 0.49185606060606063 0.5291245791245791 0.03787878787878788 0.02861952861952862
2 0.5663825757575758 0.5356902356902358 0.04147727272727273 0.04915824915824916
2 0.6142045454545455 0.5518518518518519 0.07424242424242425 0.0760942760942761
2 0.7269886363636363 0.6651515151515152 0.06837121212121212 0.09057239057239058
2 0.3933712121212121 0.8011784511784512 0.07575757575757576 0.07777777777777778
2 0.5733901515151515 0.8510101010101011 0.03768939393939394 0.09730639730639731
9 0.5012310606060606 0.5978114478114478 0.21268939393939393 0.165993265993266
12 0.26704545454545453 0.5277777777777778 0.2890151515151515 0.12424242424242425
12 0.03939393939393939 0.44831649831649834 0.058333333333333334 0.04276094276094276
8 0.06931818181818182 0.5297979797979798 0.0946969696969697 0.30673400673400675
13 0.8518939393939394 0.7351851851851853 0.058333333333333334 0.07508417508417509
12 0.4948863636363636 0.8335016835016835 0.07727272727272727 0.06228956228956229
12 0.7791666666666667 0.9520202020202021 0.060227272727272727 0.05286195286195287
2 0.8714962121212121 0.97996632996633 0.16231060606060607 0.0393939393939394
12 0.7207386363636363 0.9195286195286195 0.03920454545454546 0.053198653198653204
12 0.25804924242424243 0.7345117845117846 0.1846590909090909 0.10740740740740741
12 0.01534090909090909 0.6335016835016836 0.03068181818181818 0.07912457912457913
12 0.6410984848484849 0.6367003367003368 0.10492424242424242 0.14747474747474748
7 0.6210227272727272 0.8951178451178452 0.038636363636363635 0.09461279461279462
13 0.7886363636363637 0.7040404040404041 0.05606060606060606 0.11111111111111112
13 0.21079545454545454 0.48653198653198654 0.0946969696969697 0.04915824915824916
13 0.14195075757575756 0.45471380471380474 0.03428030303030303 0.029966329966329967
12 0.8951704545454545 0.7861952861952862 0.03996212121212121 0.055892255892255896
13 0.9549242424242425 0.7895622895622896 0.07651515151515151 0.08282828282828283
13 0.6704545454545454 0.9196969696969698 0.05378787878787879 0.07643097643097643
