11 0.2327651515151515 0.1782828282828283 0.45606060606060606 0.13973063973063973
11 0.643560606060606 0.22744107744107744 0.3613636363636364 0.10875420875420876
11 0.2956439393939394 0.07592592592592592 0.10416666666666667 0.08316498316498316
11 0.7790719696969697 0.015151515151515152 0.21117424242424243 0.018181818181818184
11 0.7696022727272728 0.06818181818181819 0.05965909090909091 0.08787878787878789
17 0.5972537878787879 0.09797979797979799 0.2994318181818182 0.15286195286195287
17 0.9035984848484848 0.8437710437710438 0.19242424242424241 0.15555555555555556
17 0.9010416666666666 0.9346801346801348 0.1975378787878788 0.12996632996632998
17 0.9637310606060606 0.10639730639730641 0.07215909090909091 0.08956228956228957
17 0.8978219696969697 0.06683501683501684 0.2009469696969697 0.12693602693602693
9 0.8507575757575757 0.6954545454545454 0.28484848484848485 0.14377104377104377
9 0.6792613636363637 0.8587542087542088 0.08731060606060606 0.25757575757575757
7 0.4330492424242424 0.8801346801346802 0.13541666666666666 0.09090909090909091
12 0.2661931818181818 0.8878787878787879 0.19223484848484848 0.07744107744107745
12 0.026420454545454546 0.9205387205387205 0.05284090909090909 0.15824915824915825
