16 0.4971590909090909 0.40286195286195287 0.06628787878787878 0.07373737373737374
9 0.5511363636363636 0.4540404040404041 0.06477272727272727 0.09595959595959597
11 0.7946022727272727 0.30892255892255893 0.08087121212121212 0.2797979797979798
12 0.2805871212121212 0.07542087542087543 0.0903409090909091 0.06868686868686869
12 0.09403409090909091 0.2579124579124579 0.07443181818181818 0.0787878787878788
12 0.1621212121212121 0.1846801346801347 0.038636363636363635 0.07508417508417509
12 0.20511363636363636 0.11481481481481481 0.016666666666666666 0.03367003367003367
11 0.8891098484848485 0.8070707070707072 0.05473484848484848 0.21616161616161617
13 0.8452651515151515 0.05723905723905724 0.04962121212121212 0.10235690235690237
13 0.7950757575757575 0.5097643097643098 0.04659090909090909 0.13198653198653199
13 0.34668560606060606 0.034006734006734006 0.10549242424242425 0.06801346801346801
