11 0.22793560606060606 0.5796296296296296 0.22670454545454546 0.17340067340067342
11 0.8507575757575757 0.2740740740740741 0.16098484848484848 0.25387205387205386
11 0.7824810606060606 0.9107744107744108 0.29715909090909093 0.17777777777777778
11 0.7233901515151515 0.419023569023569 0.15738636363636363 0.13973063973063973
11 0.246875 0.4572390572390573 0.13049242424242424 0.06868686868686869
11 0.23484848484848486 0.40370370370370373 0.027651515151515153 0.03367003367003367
11 0.4016098484848485 0.578956228956229 0.11799242424242425 0.19562289562289564
9 0.4715909090909091 0.615993265993266 0.020454545454545454 0.13703703703703704
11 0.5509469696969697 0.5971380471380472 0.12537878787878787 0.18282828282828284
16 0.4887310606060606 0.6644781144781146 0.02556818181818182 0.02457912457912458
11 0.7830492424242425 0.07188552188552189 0.0634469696969697 0.12693602693602693
