19 0.27424242424242423 0.48703703703703705 0.03409090909090909 0.06363636363636364
19 0.34488636363636366 0.4890572390572391 0.035606060606060606 0.038720538720538725
19 0.6559659090909091 0.3835016835016835 0.07784090909090909 0.10235690235690237
19 0.734280303030303 0.34191919191919196 0.07424242424242425 0.1101010101010101
19 0.7771780303030303 0.25067340067340066 0.06268939393939393 0.12154882154882156
19 0.8252840909090909 0.2021885521885522 0.045265151515151515 0.07912457912457913
19 0.921875 0.13282828282828282 0.14791666666666667 0.14242424242424243
9 0.46117424242424243 0.5168350168350169 0.12386363636363637 0.06060606060606061
2 0.5226325757575757 0.4390572390572391 0.02556818181818182 0.01952861952861953
10 0.4884469696969697 0.6126262626262626 0.934469696969697 0.14646464646464646
