10 0.21335227272727272 0.2760942760942761 0.13049242424242424 0.10505050505050506
10 0.6799242424242424 0.43198653198653203 0.41818181818181815 0.19932659932659932
1 0.4481060606060606 0.4858585858585859 0.027651515151515153 0.11784511784511785
1 0.45198863636363634 0.3420875420875421 0.03276515151515152 0.11245791245791247
5 0.1625 0.2196969696969697 0.07424242424242425 0.0595959595959596
5 0.32054924242424243 0.2728956228956229 0.06268939393939393 0.04141414141414142
5 0.9212121212121213 0.3498316498316498 0.06931818181818182 0.04511784511784512
5 0.7306818181818182 0.3207070707070707 0.14583333333333334 0.056902356902356906
5 0.5694128787878788 0.28905723905723907 0.15511363636363637 0.060942760942760944
10 0.07168560606060606 0.2611111111111111 0.14261363636363636 0.11683501683501685
10 0.3619318181818182 0.3090909090909091 0.14356060606060606 0.061952861952861954
