19 0.36420454545454545 0.7136363636363636 0.6818181818181818 0.05824915824915825
19 0.8869318181818182 0.6585858585858586 0.15075757575757576 0.04915824915824916
19 0.8300189393939394 0.7791245791245792 0.05321969696969697 0.18922558922558924
19 0.7688446969696969 0.9538720538720539 0.03125 0.08282828282828283
19 0.8384469696969697 0.9370370370370371 0.05378787878787879 0.09831649831649832
19 0.5125 0.4883838383838384 0.075 0.07373737373737374
19 0.7629734848484848 0.5181818181818182 0.3736742424242424 0.06599326599326599
19 0.300094696969697 0.5407407407407407 0.09753787878787878 0.046464646464646465
19 0.17556818181818182 0.5409090909090909 0.045075757575757575 0.06228956228956229
19 0.05643939393939394 0.5498316498316499 0.11287878787878788 0.06464646464646465
16 0.5959280303030303 0.5038720538720539 0.023295454545454546 0.02457912457912458
16 0.9422348484848485 0.46902356902356906 0.022727272727272728 0.03232323232323232
