11 0.20615530303030302 0.5200336700336701 0.05246212121212121 0.1760942760942761
2 0.5052083333333334 0.3420875420875421 0.02556818181818182 0.0787878787878788
7 0.4862689393939394 0.3516835016835017 0.02556818181818182 0.04410774410774411
11 0.9191287878787878 0.5951178451178452 0.16136363636363638 0.25892255892255894
11 0.7509469696969697 0.6335016835016836 0.09393939393939393 0.2239057239057239
11 0.6429924242424242 0.5279461279461279 0.05757575757575758 0.05185185185185186
11 0.7853219696969697 0.5175084175084176 0.18503787878787878 0.04377104377104377
2 0.9175189393939394 0.3621212121212121 0.04147727272727273 0.08787878787878789
9 0.33181818181818185 0.4481481481481482 0.06628787878787878 0.26801346801346804
11 0.03210227272727273 0.46515151515151515 0.058143939393939394 0.060942760942760944
13 0.11960227272727272 0.43282828282828284 0.09905303030303031 0.07643097643097643
13 0.24772727272727274 0.3944444444444445 0.1268939393939394 0.08787878787878789
13 0.7237689393939394 0.3452861952861953 0.33882575757575756 0.10606060606060606
13 0.9633522727272728 0.36868686868686873 0.0706439393939394 0.05185185185185186
11 0.13759469696969698 0.5925925925925927 0.07518939393939394 0.030976430976430977
11 0.7789772727272727 0.8796296296296297 0.07575757575757576 0.24006734006734007
13 0.10776515151515151 0.6410774410774411 0.19166666666666668 0.05050505050505051
13 0.265530303030303 0.6042087542087542 0.06704545454545455 0.04410774410774411
13 0.48323863636363634 0.5791245791245792 0.17632575757575758 0.06599326599326599
13 0.6224431818181818 0.6237373737373738 0.0846590909090909 0.07508417508417509
13 0.6755681818181818 0.6910774410774411 0.045075757575757575 0.0696969696969697
13 0.7040719696969697 0.7498316498316498 0.023295454545454546 0.06599326599326599
