11 0.4480113636363636 0.8393939393939395 0.06912878787878787 0.13602693602693602
7 0.19015151515151515 0.7084175084175085 0.07575757575757576 0.10235690235690237
16 0.18039772727272727 0.6217171717171718 0.10132575757575757 0.060942760942760944
13 0.759469696969697 0.3671717171717172 0.1159090909090909 0.12693602693602693
13 0.35956439393939393 0.23265993265993268 0.3255681818181818 0.20202020202020204
13 0.6326704545454546 0.28771043771043775 0.14488636363636365 0.14377104377104377
2 0.5417613636363636 0.22222222222222224 0.02556818181818182 0.07272727272727274
9 0.6061553030303031 0.3589225589225589 0.04071969696969697 0.06868686868686869
13 0.08304924242424243 0.15555555555555556 0.16609848484848486 0.0632996632996633
2 0.7823863636363636 0.7875420875420875 0.03484848484848485 0.037710437710437715
9 0.7492424242424243 0.7505050505050506 0.04015151515151515 0.13468013468013468
13 0.5839015151515151 0.7454545454545455 0.05454545454545454 0.1090909090909091
9 0.5433712121212121 0.2851851851851852 0.035606060606060606 0.05050505050505051
13 0.6730113636363636 0.7506734006734007 0.09829545454545455 0.07777777777777778
13 0.8492424242424242 0.7875420875420875 0.09393939393939393 0.08686868686868687
11 0.37149621212121214 0.9486531986531987 0.03996212121212121 0.0595959595959596
