16 0.28854166666666664 0.5616161616161617 0.14261363636363636 0.18383838383838386
12 0.4179924242424242 0.8213804713804714 0.42613636363636365 0.3565656565656566
5 0.37083333333333335 0.3220538720538721 0.0875 0.10606060606060606
5 0.4793560606060606 0.3666666666666667 0.04659090909090909 0.16700336700336701
5 0.5678977272727272 0.3821548821548822 0.05473484848484848 0.1878787878787879
5 0.6421401515151515 0.40101010101010104 0.08087121212121212 0.18114478114478116
5 0.7497159090909091 0.4003367003367004 0.10928030303030303 0.16430976430976432
16 0.8973484848484848 0.44242424242424244 0.20492424242424243 0.24107744107744108
7 0.9654356060606061 0.6042087542087542 0.06875 0.07777777777777778
12 0.1660037878787879 0.95993265993266 0.13049242424242424 0.07946127946127947
12 0.17547348484848485 0.874915824915825 0.0634469696969697 0.09595959595959597
12 0.19043560606060606 0.7823232323232323 0.026325757575757575 0.09191919191919193
9 0.36013257575757573 0.5744107744107745 0.04791666666666667 0.10101010101010102
