19 0.6153409090909091 0.11616161616161617 0.2628787878787879 0.23232323232323235
9 0.22916666666666666 0.4508417508417509 0.1784090909090909 0.4336700336700337
16 0.4240530303030303 0.5272727272727273 0.01893939393939394 0.037710437710437715
16 0.4392992424242424 0.5686868686868687 0.016098484848484848 0.024915824915824916
16 0.48806818181818185 0.5311447811447811 0.03939393939393939 0.03265993265993266
16 0.46846590909090907 0.6308080808080808 0.011553030303030303 0.029966329966329967
13 0.5198863636363636 0.595959595959596 0.04734848484848485 0.09966329966329966
13 0.5740530303030303 0.8166666666666668 0.0875 0.23333333333333334
1 0.9238636363636363 0.7287878787878789 0.1431818181818182 0.5417508417508418
2 0.5922348484848485 0.2553872053872054 0.027651515151515153 0.05824915824915825
9 0.5521780303030303 0.06228956228956229 0.05397727272727273 0.09966329966329966
