17 0.049526515151515155 0.22676767676767678 0.09905303030303031 0.09730639730639731
2 0.48986742424242424 0.16144781144781145 0.03276515151515152 0.05420875420875421
9 0.503030303030303 0.2117845117845118 0.05606060606060606 0.06734006734006734
10 0.65 0.48181818181818187 0.4821969696969697 0.4518518518518519
10 0.6872159090909091 0.17373737373737375 0.12102272727272727 0.14882154882154883
13 0.7572916666666667 0.06228956228956229 0.010795454545454546 0.035016835016835016
5 0.04924242424242424 0.03905723905723906 0.05454545454545454 0.07138047138047138
5 0.10890151515151515 0.06818181818181819 0.06628787878787878 0.0468013468013468
5 0.17234848484848486 0.09461279461279462 0.07196969696969698 0.06599326599326599
5 0.21571969696969698 0.10505050505050506 0.026136363636363635 0.04040404040404041
5 0.268844696969697 0.1484848484848485 0.06988636363636364 0.07744107744107745
10 0.16818181818181818 0.25723905723905727 0.13333333333333333 0.20202020202020204
10 0.3573863636363636 0.5343434343434343 0.04431818181818182 0.2457912457912458
8 0.3020833333333333 0.3143097643097643 0.19015151515151515 0.4481481481481482
2 0.5816287878787879 0.823063973063973 0.02537878787878788 0.02592592592592593
13 0.7410984848484848 0.8457912457912459 0.06628787878787878 0.07407407407407408
13 0.831060606060606 0.8904040404040404 0.11515151515151516 0.12154882154882156
13 0.9653409090909091 0.9397306397306397 0.06893939393939394 0.08821548821548822
10 0.9444128787878788 0.6910774410774411 0.10776515151515151 0.27710437710437713
