11 0.2550189393939394 0.2111111111111111 0.5100378787878788 0.21885521885521886
11 0.5802083333333333 0.2765993265993266 0.11723484848484848 0.12154882154882156
11 0.7671401515151515 0.09090909090909091 0.08011363636363636 0.1696969696969697
11 0.8806818181818182 0.24494949494949497 0.01893939393939394 0.04006734006734007
11 0.9703598484848485 0.28905723905723907 0.04791666666666667 0.05555555555555556
10 0.21051136363636364 0.618013468013468 0.37140151515151515 0.29124579124579125
10 0.7270833333333333 0.49292929292929294 0.2431818181818182 0.18653198653198655
9 0.46448863636363635 0.27205387205387205 0.09829545454545455 0.16430976430976432
16 0.24071969696969697 0.12390572390572391 0.029166666666666667 0.03636363636363637
16 0.1565340909090909 0.14511784511784512 0.021022727272727273 0.035016835016835016
