11 0.08740530303030303 0.8661616161616162 0.17481060606060606 0.267003367003367
11 0.7676136363636363 0.49292929292929294 0.4609848484848485 0.3676767676767677
11 0.884185606060606 0.8570707070707071 0.23125 0.2851851851851852
11 0.9178977272727272 0.14343434343434344 0.14867424242424243 0.2868686868686869
2 0.48740530303030305 0.398989898989899 0.05965909090909091 0.055892255892255896
9 0.5373106060606061 0.5265993265993266 0.07196969696969698 0.3265993265993266
2 0.29981060606060606 0.446969696969697 0.08371212121212121 0.05824915824915825
2 0.3712121212121212 0.4462962962962963 0.03409090909090909 0.056902356902356906
11 0.1928030303030303 0.6075757575757577 0.18143939393939393 0.2501683501683502
11 0.22225378787878788 0.43922558922558924 0.06420454545454546 0.07643097643097643
11 0.3705492424242424 0.5978114478114478 0.1653409090909091 0.22525252525252526
11 0.4265151515151515 0.448989898989899 0.05606060606060606 0.06228956228956229
