19 0.46846590909090907 0.46262626262626266 0.05246212121212121 0.06868686868686869
19 0.6541666666666667 0.4404040404040404 0.08295454545454546 0.05050505050505051
9 0.5879734848484849 0.6178451178451179 0.14867424242424243 0.22154882154882155
19 0.5176136363636363 0.7117845117845119 0.07803030303030303 0.06734006734006734
10 0.9028409090909091 0.5452861952861953 0.19393939393939394 0.17474747474747476
19 0.3169507575757576 0.4824915824915825 0.02481060606060606 0.05454545454545455
2 0.14195075757575756 0.5370370370370371 0.13011363636363638 0.06734006734006734
2 0.265530303030303 0.5427609427609428 0.14204545454545456 0.0787878787878788
2 0.2856060606060606 0.6087542087542088 0.10643939393939394 0.10235690235690237
2 0.34933712121212124 0.665993265993266 0.04299242424242424 0.20067340067340067
2 0.38333333333333336 0.6523569023569024 0.05227272727272727 0.20976430976430976
2 0.2571969696969697 0.6631313131313131 0.12234848484848485 0.07373737373737374
2 0.25577651515151517 0.7138047138047139 0.11647727272727272 0.09966329966329966
19 0.29649621212121213 0.7324915824915825 0.09753787878787878 0.05420875420875421
5 0.09990530303030302 0.4191919191919192 0.16458333333333333 0.046464646464646465
13 0.13446969696969696 0.7124579124579125 0.1159090909090909 0.09696969696969697
13 0.7182765151515151 0.8178451178451179 0.17329545454545456 0.3521885521885522
2 0.21259469696969696 0.47340067340067343 0.06117424242424242 0.03636363636363637
2 0.23636363636363636 0.43518518518518523 0.13333333333333333 0.05824915824915825
10 0.8099431818181818 0.8111111111111111 0.07518939393939394 0.3771043771043771
13 0.9254734848484848 0.6994949494949495 0.14867424242424243 0.10740740740740741
13 0.8576704545454545 0.8803030303030304 0.033522727272727273 0.23872053872053872
13 0.41183712121212124 0.39191919191919194 0.13390151515151516 0.03905723905723906
