2 0.9692234848484849 0.7461279461279462 0.02556818181818182 0.08417508417508418
11 0.35918560606060607 0.42878787878787883 0.7020833333333333 0.3303030303030303
11 0.7607007575757576 0.5951178451178452 0.47821969696969696 0.3107744107744108
11 0.3464962121212121 0.3127946127946128 0.04450757575757576 0.06734006734006734
11 0.7711174242424242 0.3971380471380472 0.04147727272727273 0.05420875420875421
13 0.8576704545454545 0.36464646464646466 0.07291666666666667 0.046464646464646465
13 0.9407196969696969 0.3971380471380472 0.08901515151515152 0.07777777777777778
13 0.6948863636363637 0.35505050505050506 0.10113636363636364 0.08653198653198654
13 0.47632575757575757 0.30454545454545456 0.041666666666666664 0.04276094276094276
13 0.40710227272727273 0.29663299663299664 0.05473484848484848 0.05050505050505051
