11 0.1731060606060606 0.36919191919191924 0.3416666666666667 0.17474747474747476
2 0.4084280303030303 0.3511784511784512 0.03428030303030303 0.04781144781144781
2 0.309280303030303 0.3400673400673401 0.03409090909090909 0.061952861952861954
11 0.6020833333333333 0.21515151515151515 0.09696969696969697 0.17979797979797982
2 0.7215909090909091 0.75 0.035606060606060606 0.10202020202020202
2 0.31363636363636366 0.318013468013468 0.019696969696969695 0.038720538720538725
9 0.490625 0.39511784511784515 0.3096590909090909 0.1228956228956229
11 0.3613636363636364 0.565993265993266 0.7140151515151515 0.1696969696969697
11 0.8692234848484849 0.5188552188552189 0.2611742424242424 0.1191919191919192
11 0.8692234848484849 0.7363636363636364 0.2611742424242424 0.14006734006734006
11 0.9733901515151515 0.6444444444444445 0.05284090909090909 0.13198653198653199
11 0.449905303030303 0.378956228956229 0.18579545454545454 0.08787878787878789
17 0.7040719696969697 0.37693602693602696 0.13920454545454544 0.09461279461279462
11 0.6527462121212121 0.6904040404040405 0.08958333333333333 0.05555555555555556
