8 0.5446022727272727 0.6547138047138048 0.3240530303030303 0.20976430976430976
2 0.3847537878787879 0.2863636363636364 0.02481060606060606 0.15387205387205388
17 0.3572916666666667 0.29023569023569024 0.03125 0.22693602693602694
17 0.32708333333333334 0.29680134680134684 0.027651515151515153 0.2138047138047138
9 0.40255681818181815 0.14595959595959596 0.04299242424242424 0.1760942760942761
7 0.5748106060606061 0.39595959595959596 0.2696969696969697 0.30303030303030304
5 0.47604166666666664 0.39191919191919194 0.16685606060606062 0.25387205387205386
14 0.8578598484848485 0.24562289562289563 0.24526515151515152 0.4326599326599327
16 0.9786931818181818 0.9794612794612795 0.03579545454545455 0.04040404040404041
16 0.9328598484848485 0.9786195286195287 0.03579545454545455 0.023232323232323233
16 0.7995265151515152 0.8962962962962964 0.021022727272727273 0.03232323232323232
11 0.5546401515151516 0.8887205387205388 0.3524621212121212 0.2218855218855219
