11 0.6345643939393939 0.8489898989898991 0.26647727272727273 0.05420875420875421
11 0.7360795454545455 0.9242424242424243 0.04299242424242424 0.08552188552188553
2 0.4002840909090909 0.39057239057239057 0.04299242424242424 0.07003367003367003
11 0.1821969696969697 0.4353535353535354 0.04962121212121212 0.055892255892255896
2 0.8709280303030303 0.3607744107744108 0.03125 0.038720538720538725
2 0.49393939393939396 0.33821548821548825 0.10643939393939394 0.05555555555555556
11 0.6202651515151515 0.4346801346801347 0.1143939393939394 0.14006734006734006
9 0.503030303030303 0.4008417508417509 0.15946969696969696 0.10875420875420876
6 0.041003787878787876 0.5446127946127947 0.08200757575757575 0.14242424242424243
11 0.16988636363636364 0.6917508417508418 0.33825757575757576 0.2111111111111111
9 0.6318181818181818 0.8464646464646465 0.26666666666666666 0.05185185185185186
13 0.15549242424242424 0.8114478114478115 0.08295454545454546 0.08821548821548822
13 0.35321969696969696 0.8037037037037037 0.2863636363636364 0.14006734006734006
13 0.36486742424242424 0.9606060606060607 0.1115530303030303 0.07811447811447812
13 0.06808712121212121 0.8271043771043771 0.0903409090909091 0.07777777777777778
13 0.8018939393939394 0.3607744107744108 0.09696969696969697 0.0723905723905724
11 0.8227272727272728 0.5136363636363637 0.3541666666666667 0.21245791245791246
11 0.4948863636363636 0.6439393939393939 0.3352272727272727 0.17744107744107745
