19 0.20104166666666667 0.6321548821548821 0.07140151515151515 0.07373737373737374
10 0.27755681818181815 0.6062289562289562 0.09905303030303031 0.09730639730639731
11 0.3573863636363636 0.5441077441077441 0.05454545454545454 0.12053872053872054
19 0.437594696969697 0.5803030303030303 0.06912878787878787 0.12020202020202021
19 0.47755681818181817 0.4417508417508418 0.04450757575757576 0.08686868686868687
5 0.15928030303030302 0.48888888888888893 0.10416666666666667 0.10101010101010102
5 0.22916666666666666 0.4863636363636364 0.05606060606060606 0.09595959595959597
5 0.3143939393939394 0.4740740740740741 0.12310606060606061 0.13872053872053872
5 0.05179924242424242 0.4636363636363637 0.10359848484848484 0.11784511784511785
19 0.752935606060606 0.494949494949495 0.24261363636363636 0.2888888888888889
19 0.9522727272727273 0.5824915824915825 0.09507575757575758 0.11380471380471381
11 0.9625 0.396969696969697 0.07462121212121212 0.06734006734006734
11 0.4418560606060606 0.92996632996633 0.09090909090909091 0.12053872053872054
11 0.465625 0.861952861952862 0.0903409090909091 0.046464646464646465
6 0.2418560606060606 0.961952861952862 0.22727272727272727 0.07542087542087543
12 0.8111742424242424 0.9107744107744108 0.3621212121212121 0.17777777777777778
13 0.43267045454545455 0.49612794612794614 0.07935606060606061 0.07912457912457913
13 0.37357954545454547 0.6016835016835017 0.04450757575757576 0.10639730639730641
