11 0.5034090909090909 0.46245791245791246 0.07575757575757576 0.09191919191919193
11 0.4396780303030303 0.5984848484848485 0.15965909090909092 0.17474747474747476
11 0.5707386363636363 0.6244107744107744 0.08731060606060606 0.045454545454545456
11 0.9757575757575757 0.46060606060606063 0.04583333333333333 0.14006734006734006
11 0.8953598484848485 0.8335016835016835 0.09753787878787878 0.08316498316498316
11 0.9836174242424243 0.7291245791245792 0.03238636363636364 0.1101010101010101
11 0.2505681818181818 0.7732323232323233 0.14356060606060606 0.17744107744107745
7 0.27367424242424243 0.6205387205387206 0.07651515151515151 0.05050505050505051
11 0.04053030303030303 0.22171717171717173 0.08106060606060606 0.31212121212121213
9 0.04659090909090909 0.3188552188552189 0.048863636363636366 0.08417508417508418
11 0.6417613636363636 0.6671717171717172 0.03428030303030303 0.04006734006734007
11 0.6770833333333334 0.7021885521885523 0.03484848484848485 0.04276094276094276
11 0.7076704545454545 0.7356902356902357 0.032007575757575756 0.03232323232323232
11 0.20142045454545454 0.92996632996633 0.05549242424242424 0.13872053872053872
