5 0.013162878787878788 0.5181818181818182 0.026325757575757575 0.10235690235690237
16 0.44772727272727275 0.6205387205387206 0.12007575757575757 0.3070707070707071
16 0.35634469696969695 0.7260942760942761 0.10056818181818182 0.10875420875420876
16 0.27755681818181815 0.7654882154882156 0.04071969696969697 0.04814814814814815
10 0.17490530303030302 0.7513468013468014 0.15738636363636363 0.09191919191919193
1 0.7231060606060606 0.586026936026936 0.05757575757575758 0.07508417508417509
1 0.6916666666666667 0.6962962962962963 0.04734848484848485 0.07003367003367003
2 0.940435606060606 0.797979797979798 0.03920454545454546 0.035016835016835016
5 0.8793560606060606 0.6114478114478115 0.20681818181818182 0.14882154882154883
2 0.2517992424242424 0.45353535353535357 0.03428030303030303 0.04781144781144781
9 0.2928977272727273 0.6218855218855219 0.09905303030303031 0.3898989898989899
