12 0.8386363636363636 0.1484848484848485 0.32234848484848483 0.10101010101010102
12 0.8005681818181818 0.34074074074074073 0.020454545454545454 0.037710437710437715
12 0.33125 0.5654882154882155 0.26856060606060606 0.12424242424242425
12 0.059185606060606064 0.547979797979798 0.10814393939393939 0.05555555555555556
11 0.10208333333333333 0.1787878787878788 0.20416666666666666 0.11784511784511785
12 0.01893939393939394 0.09276094276094277 0.03787878787878788 0.03602693602693603
12 0.5026515151515152 0.872895622895623 0.055303030303030305 0.2447811447811448
12 0.2689393939393939 0.09663299663299664 0.17803030303030304 0.08013468013468014
9 0.575189393939394 0.1607744107744108 0.11287878787878788 0.12828282828282828
12 0.6304924242424242 0.1414141414141414 0.075 0.08417508417508418
17 0.26988636363636365 0.8107744107744108 0.13333333333333333 0.0632996632996633
2 0.10160984848484848 0.8594276094276094 0.03276515151515152 0.05151515151515152
1 0.39744318181818183 0.7952861952861954 0.05738636363636364 0.05050505050505051
11 0.14384469696969696 0.05875420875420876 0.06988636363636364 0.11750841750841752
13 0.090625 0.0468013468013468 0.02784090909090909 0.08417508417508418
13 0.05890151515151515 0.09023569023569024 0.029924242424242423 0.03367003367003367
9 0.1765151515151515 0.6082491582491583 0.03636363636363636 0.0468013468013468
12 0.15757575757575756 0.5363636363636364 0.08446969696969697 0.11784511784511785
