11 0.25426136363636365 0.5291245791245791 0.10776515151515151 0.22525252525252526
11 0.32130681818181817 0.15185185185185185 0.03920454545454546 0.05050505050505051
11 0.3008522727272727 0.33501683501683505 0.04375 0.17104377104377105
2 0.6553030303030303 0.6314814814814815 0.04015151515151515 0.0468013468013468
17 0.78125 0.7111111111111111 0.048106060606060604 0.06868686868686869
12 0.49261363636363636 0.603030303030303 0.25075757575757573 0.2228956228956229
12 0.9323863636363636 0.8562289562289562 0.12310606060606061 0.13063973063973064
11 0.5114583333333333 0.8498316498316498 0.18352272727272728 0.2996632996632997
12 0.34488636363636366 0.4792929292929293 0.04962121212121212 0.04814814814814815
12 0.7210227272727273 0.7481481481481482 0.10568181818181818 0.07003367003367003
12 0.8212121212121212 0.7934343434343435 0.06704545454545455 0.07777777777777778
