11 0.928125 0.4171717171717172 0.03920454545454546 0.08148148148148149
5 0.20293560606060607 0.4053872053872054 0.05625 0.08417508417508418
5 0.2630681818181818 0.39646464646464646 0.07878787878787878 0.07643097643097643
5 0.36287878787878786 0.41531986531986537 0.07424242424242425 0.09057239057239058
5 0.45170454545454547 0.4094276094276095 0.056818181818181816 0.05050505050505051
5 0.5598484848484848 0.3912457912457913 0.10568181818181818 0.10235690235690237
11 0.45539772727272726 0.578956228956229 0.0509469696969697 0.05824915824915825
11 0.16837121212121212 0.6696969696969697 0.027651515151515153 0.037710437710437715
1 0.3099431818181818 0.5782828282828283 0.18428030303030302 0.15791245791245792
5 0.06013257575757576 0.42053872053872055 0.0706439393939394 0.08552188552188553
13 0.1256628787878788 0.4313131313131313 0.06041666666666667 0.10235690235690237
7 0.9314393939393939 0.5905723905723906 0.029924242424242423 0.13602693602693602
9 0.453125 0.5427609427609428 0.04943181818181818 0.23973063973063974
8 0.6264204545454546 0.43282828282828284 0.05549242424242424 0.394949494949495
8 0.7982954545454546 0.18602693602693604 0.18371212121212122 0.11414141414141414
