17 0.4028409090909091 0.8582491582491583 0.07575757575757576 0.2828282828282828
2 0.7882575757575757 0.5116161616161616 0.07727272727272727 0.05824915824915825
11 0.8490530303030303 0.4501683501683502 0.14924242424242423 0.17373737373737375
2 0.4630681818181818 0.5797979797979799 0.07651515151515151 0.03636363636363637
9 0.4106060606060606 0.5202020202020202 0.075 0.04915824915824916
9 0.4422348484848485 0.38417508417508417 0.09924242424242424 0.10101010101010102
19 0.7893939393939394 0.853030303030303 0.05757575757575758 0.12424242424242425
2 0.7325757575757575 0.7505050505050506 0.04583333333333333 0.04915824915824916
2 0.9382575757575757 0.9658249158249159 0.029166666666666667 0.06767676767676768
2 0.9597537878787878 0.9651515151515152 0.02556818181818182 0.06902356902356903
5 0.6779356060606061 0.6535353535353535 0.08958333333333333 0.09831649831649832
11 0.6946022727272727 0.6742424242424243 0.03996212121212121 0.04410774410774411
19 0.8078598484848485 0.06616161616161617 0.38390151515151516 0.130976430976431
2 0.4702651515151515 0.5589225589225589 0.038636363636363635 0.03367003367003367
19 0.8765151515151515 0.9383838383838384 0.1018939393939394 0.10639730639730641
13 0.6285984848484848 0.15824915824915825 0.016666666666666666 0.05050505050505051
13 0.6588068181818182 0.22491582491582493 0.04071969696969697 0.06734006734006734
13 0.7477272727272727 0.3070707070707071 0.03939393939393939 0.0632996632996633
13 0.5003787878787879 0.27861952861952866 0.041666666666666664 0.26026936026936026
19 0.7517045454545455 0.18855218855218855 0.18863636363636363 0.10370370370370371
19 0.9670454545454545 0.18417508417508419 0.06553030303030304 0.09966329966329966
19 0.8486742424242424 0.4494949494949495 0.14924242424242423 0.17373737373737375
