11 0.05179924242424242 0.7550505050505051 0.10359848484848484 0.2447811447811448
11 0.3821022727272727 0.378956228956229 0.19602272727272727 0.25353535353535356
11 0.6109848484848485 0.30185185185185187 0.09128787878787879 0.10471380471380472
11 0.528219696969697 0.36010101010101014 0.04659090909090909 0.20841750841750842
11 0.884469696969697 0.7707070707070708 0.0731060606060606 0.0632996632996633
5 0.747064393939394 0.5425925925925926 0.07935606060606061 0.12828282828282828
5 0.8517045454545454 0.7013468013468014 0.0856060606060606 0.11380471380471381
11 0.24043560606060607 0.5414141414141415 0.11079545454545454 0.1542087542087542
11 0.30056818181818185 0.14915824915824916 0.06628787878787878 0.2888888888888889
11 0.6806818181818182 0.4481481481481482 0.10492424242424242 0.15151515151515152
11 0.7454545454545455 0.5454545454545455 0.045075757575757575 0.08148148148148149
16 0.6325757575757576 0.28451178451178455 0.03787878787878788 0.03636363636363637
16 0.5928977272727273 0.2914141414141414 0.03428030303030303 0.04276094276094276
2 0.5739583333333333 0.25656565656565655 0.024053030303030302 0.02962962962962963
16 0.8423295454545454 0.8801346801346802 0.04071969696969697 0.06464646464646465
16 0.7035984848484849 0.6432659932659933 0.016666666666666666 0.04141414141414142
16 0.7396780303030303 0.694949494949495 0.021780303030303032 0.028282828282828285
16 0.9151515151515152 0.9372053872053873 0.027651515151515153 0.02861952861952862
