17 0.14024621212121213 0.7531986531986532 0.12443181818181819 0.05185185185185186
10 0.4290719696969697 0.6976430976430977 0.428219696969697 0.17104377104377105
17 0.725189393939394 0.6631313131313131 0.17537878787878788 0.07373737373737374
17 0.7232954545454545 0.7260942760942761 0.16742424242424242 0.06228956228956229
17 0.8926136363636363 0.661952861952862 0.14507575757575758 0.11784511784511785
17 0.9176136363636364 0.39326599326599326 0.14015151515151514 0.08282828282828283
10 0.7936553030303031 0.5498316498316499 0.3721590909090909 0.10370370370370371
11 0.9526515151515151 0.33821548821548825 0.04431818181818182 0.029966329966329967
2 0.9546401515151515 0.737037037037037 0.0634469696969697 0.0787878787878788
11 0.9764204545454546 0.41195286195286196 0.027083333333333334 0.029966329966329967
13 0.6476325757575757 0.46262626262626266 0.10473484848484849 0.06599326599326599
13 0.29611742424242427 0.7695286195286196 0.06117424242424242 0.060942760942760944
13 0.43920454545454546 0.7688552188552189 0.07348484848484849 0.02861952861952862
