10 0.05331439393939394 0.2941077441077441 0.10662878787878788 0.1383838383838384
10 0.7372159090909091 0.8296296296296297 0.13541666666666666 0.30303030303030304
16 0.646969696969697 0.72996632996633 0.04659090909090909 0.046464646464646465
8 0.16259469696969697 0.4035353535353536 0.11799242424242425 0.196969696969697
8 0.653125 0.8348484848484848 0.04147727272727273 0.22255892255892257
9 0.5857954545454546 0.7946127946127947 0.055303030303030305 0.2202020202020202
10 0.3481060606060606 0.6146464646464647 0.09545454545454546 0.13232323232323234
10 0.22585227272727273 0.48888888888888893 0.08958333333333333 0.13468013468013468
10 0.09583333333333334 0.3373737373737374 0.10492424242424242 0.13468013468013468
10 0.28295454545454546 0.5441077441077441 0.0946969696969697 0.15151515151515152
10 0.42793560606060604 0.6740740740740742 0.0831439393939394 0.15016835016835017
10 0.5036931818181818 0.742929292929293 0.0903409090909091 0.1787878787878788
