11 0.5368371212121212 0.7764309764309765 0.3301136363636364 0.18114478114478116
12 0.12130681818181818 0.5195286195286195 0.11875 0.08686868686868687
2 0.1618371212121212 0.44831649831649834 0.032007575757575756 0.07373737373737374
9 0.184375 0.5195286195286195 0.07708333333333334 0.1824915824915825
12 0.2787878787878788 0.1304713804713805 0.04734848484848485 0.07508417508417509
16 0.6391098484848485 0.3052188552188552 0.7214015151515152 0.2925925925925926
16 0.7002840909090909 0.5402356902356903 0.5388257575757576 0.14646464646464646
16 0.8887310606060606 0.7902356902356903 0.20397727272727273 0.2033670033670034
11 0.11941287878787879 0.7117845117845119 0.19147727272727272 0.2356902356902357
16 0.8278409090909091 0.09983164983164984 0.056818181818181816 0.1228956228956229
