17 0.677734375 0.76171875 0.19140625 0.3203125
17 0.75 0.7578125 0.1640625 0.2890625
17 0.80859375 0.7421875 0.171875 0.296875
17 0.515625 0.513671875 0.140625 0.27734375
17 0.619140625 0.494140625 0.12890625 0.24609375
17 0.666015625 0.439453125 0.13671875 0.26171875
17 0.431640625 0.318359375 0.05078125 0.08203125
17 0.46484375 0.302734375 0.046875 0.08203125
17 0.361328125 0.263671875 0.10546875 0.04296875
17 0.548828125 0.1875 0.08203125 0.1484375
17 0.546875 0.322265625 0.078125 0.10546875
17 0.83203125 0.5546875 0.0703125 0.0234375
17 0.771484375 0.5390625 0.05078125 0.015625
17 0.759765625 0.509765625 0.07421875 0.02734375
17 0.787109375 0.09375 0.08984375 0.171875
17 0.716796875 0.427734375 0.06640625 0.16015625
17 0.751953125 0.421875 0.05859375 0.125
17 0.794921875 0.40625 0.05078125 0.1328125
17 0.822265625 0.380859375 0.08203125 0.12890625
