17 0.068359375 0.66796875 0.09765625 0.140625
17 0.107421875 0.6796875 0.17578125 0.2421875
17 0.177734375 0.73046875 0.13671875 0.1484375
17 0.283203125 0.443359375 0.14453125 0.16015625
17 0.302734375 0.47265625 0.12890625 0.15625
17 0.32421875 0.501953125 0.203125 0.25390625
17 0.361328125 0.529296875 0.13671875 0.14453125
17 0.533203125 0.203125 0.09765625 0.1171875
17 0.546875 0.314453125 0.171875 0.19921875
17 0.533203125 0.259765625 0.13671875 0.18359375
17 0.71875 0.12109375 0.15625 0.1875
17 0.6875 0.087890625 0.1640625 0.17578125
