17 0.41796875 0.84375 0.234375 0.078125
17 0.8046875 0.595703125 0.3125 0.08203125
17 0.12109375 0.587890625 0.2265625 0.04296875
17 0.119140625 0.55078125 0.23828125 0.0390625
17 0.154296875 0.5078125 0.30859375 0.0546875
17 0.134765625 0.466796875 0.25390625 0.03515625
17 0.2265625 0.4140625 0.4453125 0.0703125
17 0.177734375 0.376953125 0.26953125 0.03515625
17 0.205078125 0.3359375 0.23828125 0.046875
17 0.220703125 0.294921875 0.16796875 0.02734375
17 0.181640625 0.26953125 0.22265625 0.0390625
17 0.171875 0.23828125 0.2109375 0.0390625
17 0.1640625 0.1953125 0.203125 0.046875
