17 0.4296875 0.22265625 0.1015625 0.4453125
17 0.51953125 0.41015625 0.03125 0.171875
17 0.55078125 0.369140625 0.03125 0.09765625
17 0.642578125 0.1484375 0.17578125 0.0625
17 0.75390625 0.146484375 0.109375 0.12109375
17 0.775390625 0.177734375 0.11328125 0.12890625
17 0.787109375 0.212890625 0.09765625 0.13671875
17 0.810546875 0.240234375 0.11328125 0.12109375
17 0.830078125 0.283203125 0.12109375 0.12109375
17 0.828125 0.34765625 0.125 0.1484375
17 0.85546875 0.361328125 0.140625 0.16796875
