17 0.783203125 0.62109375 0.41015625 0.3125
17 0.34765625 0.298828125 0.421875 0.31640625
2 0.556640625 0.29296875 0.02734375 0.0859375
2 0.53125 0.296875 0.0234375 0.078125
2 0.501953125 0.296875 0.03515625 0.09375
2 0.455078125 0.443359375 0.00390625 0.20703125
2 0.3359375 0.216796875 0.0703125 0.06640625
2 0.376953125 0.212890625 0.05859375 0.07421875
2 0.400390625 0.203125 0.07421875 0.0625
2 0.400390625 0.1171875 0.06640625 0.0859375
2 0.373046875 0.126953125 0.05859375 0.07421875
2 0.345703125 0.130859375 0.05859375 0.06640625
2 0.322265625 0.13671875 0.05859375 0.0703125
2 0.30078125 0.14453125 0.0546875 0.0703125
2 0.275390625 0.158203125 0.05859375 0.08203125
2 0.2109375 0.1328125 0.1015625 0.0390625
2 0.20703125 0.103515625 0.078125 0.04296875
2 0.1953125 0.076171875 0.0546875 0.03515625
2 0.134765625 0.15625 0.05859375 0.0546875
2 0.162109375 0.060546875 0.05078125 0.04296875
2 0.099609375 0.109375 0.05859375 0.0859375
